0 Untitled Model
0 Name:  1274 Light Hover
0 Author:  
0 CustomBrick
0 FlexibleBrickControlPointUnitLength -1
0 FlexibleBrickLockedControlPoint 
0 NumOfBricks:  22
1 3 60.000020 -40.000000 -114.000000 0.000000 0.000000 1.000000 0.000000 1.000000 0.000000 -1.000000 0.000000 0.000000 2412b.dat
1 3 140.000000 -64.000000 -114.000000 0.000000 0.000000 1.000000 0.000000 1.000000 0.000000 -1.000000 0.000000 0.000000 2412b.dat
1 7 125.870000 -50.284260 -172.284300 0.000000 1.000000 0.000000 0.707107 0.000000 -0.707107 -0.707107 0.000000 -0.707107 4735.dat
1 7 125.870000 -50.284340 -55.715770 0.000000 1.000000 0.000000 -0.707106 0.000000 -0.707108 -0.707108 0.000000 0.707106 4735.dat
1 7 60.000000 -32.000000 -114.000000 0.000000 0.000000 1.000000 0.000000 1.000000 0.000000 -1.000000 0.000000 0.000000 30237.dat
1 8 140.000000 -56.000000 -114.000000 0.000000 0.000000 -1.000000 0.000000 1.000000 0.000000 1.000000 0.000000 0.000000 3039p04.dat
1 8 110.000000 -8.000000 -114.000000 1.000000 0.000000 0.000000 0.000000 1.000000 0.000000 0.000000 0.000000 1.000000 3795.dat
1 8 40.000000 -26.330000 -114.000000 0.000000 0.000000 1.000000 0.000000 1.000000 0.000000 -1.000000 0.000000 0.000000 30194.dat
1 8 160.000000 -32.000000 -114.000000 0.000000 0.000000 -1.000000 0.000000 1.000000 0.000000 1.000000 0.000000 0.000000 30236.dat
1 8 130.000000 -32.000000 -124.000000 1.000000 0.000000 0.000000 0.000000 1.000000 0.000000 0.000000 0.000000 1.000000 30236.dat
1 8 130.000000 -32.000000 -104.000000 -1.000000 0.000000 0.000000 0.000000 1.000000 0.000000 0.000000 0.000000 -1.000000 30236.dat
1 8 186.000000 -42.000000 -114.360000 0.000000 1.000000 0.000000 0.000000 0.000000 -1.000000 -1.000000 0.000000 0.000000 4740.dat
1 8 141.869900 -50.284320 -55.715780 0.000000 1.000000 0.000000 -0.707108 0.000000 0.707105 0.707105 0.000000 0.707108 4740.dat
1 8 141.870000 -50.284220 -172.284300 0.000000 1.000000 0.000000 -0.707107 0.000000 -0.707107 -0.707107 0.000000 0.707107 4740.dat
1 14 178.000000 -42.000000 -114.360000 0.000000 1.000000 0.000000 0.000000 0.000000 -1.000000 -1.000000 0.000000 0.000000 6019.dat
1 42 149.870100 -50.284440 -55.715900 0.000000 1.000000 0.000000 -0.707108 0.000000 0.707105 0.707105 0.000000 0.707108 6141.dat
1 42 149.870000 -50.284240 -172.284300 0.000000 1.000000 0.000000 -0.707107 0.000000 -0.707107 -0.707107 0.000000 0.707107 6141.dat
1 42 194.000000 -42.000000 -114.360000 0.000000 1.000000 0.000000 0.000000 0.000000 -1.000000 -1.000000 0.000000 0.000000 6141.dat
1 14 120.000000 -40.000000 -104.000000 -0.573577 0.000000 0.819152 0.000000 1.000000 0.000000 -0.819152 0.000000 -0.573577 4592.dat
1 0 120.000000 -40.000000 -104.000000 -0.573577 0.579226 0.579230 0.000000 0.707109 -0.707105 -0.819152 -0.405579 -0.405582 4593.dat
1 14 120.000000 -40.000000 -124.000000 0.573575 0.000000 0.819153 0.000000 1.000000 0.000000 -0.819153 0.000000 0.573575 4592.dat
1 0 119.999800 -40.000000 -123.999800 0.573575 0.579227 0.579231 0.000000 0.707109 -0.707105 -0.819153 0.405577 0.405580 4593.dat
