0 Untitled Model
0 Name:  1275 Chain Dozer
0 Author:  
0 CustomBrick
0 FlexibleBrickControlPointUnitLength -1
0 FlexibleBrickLockedControlPoint 
0 NumOfBricks:  17
1 3 -10.000010 -59.046020 0.000020 0.000000 0.000000 1.000000 0.000000 1.000000 0.000000 -1.000000 0.000000 0.000000 2412b.dat
1 7 -10.000010 -51.046020 -10.000020 0.707106 0.000000 0.707108 0.000000 1.000000 0.000000 -0.707108 0.000000 0.707106 4735.dat
1 7 -0.000010 -22.046000 -30.000000 -0.782040 0.623228 0.000000 -0.623228 -0.782040 0.000000 0.000000 0.000000 1.000000 4624.dat
1 0 -0.000130 -22.045850 -30.000000 0.999998 -0.000001 0.000000 -0.000001 1.000000 0.000000 0.000000 0.000000 1.000000 3641.dat
1 7 40.000020 -27.046020 -0.000020 0.000000 0.000000 1.000000 0.000000 1.000000 0.000000 -1.000000 0.000000 0.000000 4600.dat
1 7 10.000010 -43.046020 0.000020 0.000000 0.000000 0.999999 0.000000 1.000000 0.000000 -1.000000 0.000000 0.000000 3829c01.dat
1 8 -54.882500 -28.530420 -38.284250 0.000001 0.905574 0.424188 0.000000 -0.424188 0.905574 1.000000 -0.000001 -0.000001 30194.dat
1 14 20.000000 -35.046020 0.000000 1.000000 0.000000 0.000000 0.000000 1.000000 0.000000 0.000000 0.000000 1.000000 3020.dat
1 7 -10.000010 -51.046020 10.000000 -0.573577 0.000000 0.819152 0.000000 1.000000 0.000000 -0.819152 0.000000 -0.573577 4735.dat
1 8 -59.364090 -28.530420 32.942880 0.000002 0.905577 0.424189 0.000000 -0.424188 0.905574 1.000003 -0.000002 -0.000001 30194.dat
1 7 -0.000010 -27.046020 0.000000 0.000000 0.000000 1.000000 0.000000 1.000000 0.000000 -1.000000 0.000000 0.000000 4600.dat
1 7 40.000030 -22.046010 -30.000020 -0.782040 0.623228 0.000000 -0.623228 -0.782040 0.000000 0.000000 0.000000 1.000000 4624.dat
1 0 39.999880 -22.045820 -30.000020 0.999998 -0.000001 0.000000 -0.000001 1.000000 0.000000 0.000000 0.000000 1.000000 3641.dat
1 7 40.000020 -22.045990 30.000000 0.804401 0.594087 0.000000 0.594087 -0.804401 0.000000 0.000000 0.000000 -1.000000 4624.dat
1 0 40.000210 -22.045480 30.000370 -0.258820 -0.965924 0.000000 -0.965922 0.258824 0.000000 0.000000 0.000000 -1.000000 3641.dat
1 7 -0.000010 -22.046020 29.999980 0.804401 0.594087 0.000000 0.594087 -0.804401 0.000000 0.000000 0.000000 -1.000000 4624.dat
1 0 0.000110 -22.045580 29.999980 -0.258820 -0.965925 0.000000 -0.965923 0.258824 0.000000 0.000000 0.000000 -1.000000 3641.dat
