0 Untitled Model
0 Name:  1276 Helicopter Transport
0 Author:  
0 CustomBrick
0 FlexibleBrickControlPointUnitLength -1
0 FlexibleBrickLockedControlPoint 
0 NumOfBricks:  19
1 3 120.000000 -16.000000 50.000000 1.000000 0.000000 0.000000 0.000000 1.000000 0.000000 0.000000 0.000000 1.000000 2540.dat
1 6 120.000000 -106.000000 160.000000 1.000000 0.000000 0.000000 0.000000 0.000000 1.000000 0.000000 -1.000000 0.000000 4617b.dat
1 14 120.000000 -40.000000 130.000000 0.000000 0.000000 1.000000 0.000000 1.000000 0.000000 -1.000000 0.000000 0.000000 3002.dat
1 3 70.000010 -40.000000 99.999980 0.000001 0.000000 1.000000 0.000000 1.000000 0.000000 -1.000000 0.000000 0.000001 2412b.dat
1 7 120.000000 -16.000000 150.000000 -1.000000 0.000000 0.000000 0.000000 1.000000 0.000000 0.000000 0.000000 -1.000000 4623.dat
1 7 119.650000 -34.000000 32.000010 -1.000000 0.000000 0.000000 0.000000 0.000000 -1.000001 0.000000 -1.000001 0.000000 6019.dat
1 7 120.000000 -96.000000 160.000000 1.000000 0.000000 0.000000 0.000000 1.000000 0.000000 0.000000 0.000000 1.000000 2460.dat
1 7 70.000000 -32.000000 100.000000 0.000000 0.000000 1.000000 0.000000 1.000000 0.000000 -1.000000 0.000000 0.000000 3004.dat
1 8 120.000000 -64.000000 150.000000 1.000000 0.000000 0.000000 0.000000 1.000000 0.000000 0.000000 0.000000 1.000000 3039p04.dat
1 8 119.650000 -33.999990 23.999960 -1.000000 0.000000 0.000000 0.000000 0.000000 -1.000000 0.000000 -1.000000 0.000000 4740.dat
1 14 120.000000 -88.000000 150.000000 -1.000000 0.000000 0.000000 0.000000 1.000000 0.000000 0.000000 0.000000 -1.000000 3660.dat
1 42 119.650000 -33.999990 16.000010 -1.000000 0.000000 0.000000 0.000000 0.000000 -1.000001 0.000000 -1.000001 0.000000 6141.dat
1 8 120.000000 -8.000000 100.000000 1.000000 0.000000 0.000000 0.000000 1.000000 0.000000 0.000000 0.000000 1.000000 30303.dat
1 3 169.999800 -40.000000 100.000000 0.000001 0.000000 0.999998 0.000000 1.000000 0.000000 -0.999998 0.000000 0.000001 2412b.dat
1 7 170.000000 -32.000000 100.000000 0.000000 0.000000 1.000000 0.000000 1.000000 0.000000 -1.000000 0.000000 0.000000 3004.dat
1 14 130.000000 -24.000000 50.000000 -0.707107 0.000000 -0.707107 0.000000 1.000000 0.000000 0.707107 0.000000 -0.707107 4592.dat
1 0 130.000000 -24.000000 49.999990 -0.707107 -0.499999 -0.500002 0.000000 0.707109 -0.707105 0.707108 -0.499999 -0.500002 4593.dat
1 14 110.000000 -24.000000 50.000000 -0.819153 0.000000 0.573575 0.000000 1.000000 0.000000 -0.573575 0.000000 -0.819153 4592.dat
1 0 110.000200 -24.000000 50.000180 -0.819153 0.405577 0.405580 0.000000 0.707109 -0.707105 -0.573575 -0.579227 -0.579231 4593.dat
