0 FILE Canteen.io
0 Untitled Model
0 Name:  Canteen
0 Author:  Simon Eriksson
0 CustomBrick
0 FlexibleBrickControlPointUnitLength -1
0 FlexibleBrickLockedControlPoint 
0 NumOfBricks:  80
1 8 -20.000000 -136.000000 20.000100 1.000002 0.000000 0.000000 0.000000 1.000000 0.000000 0.000000 0.000000 1.000002 30303.dat
1 14 -20.000000 -56.000000 -70.000000 1.000002 0.000000 0.000000 0.000000 1.000000 0.000000 0.000000 0.000000 1.000002 2412b.dat
1 0 -70.000100 -144.000000 20.000120 0.000000 0.000000 1.000000 0.000000 1.000000 0.000000 -1.000000 0.000000 0.000000 2412b.dat
1 14 -20.000000 -56.000000 110.000200 1.000002 0.000000 0.000000 0.000000 1.000000 0.000000 0.000000 0.000000 1.000002 2412b.dat
1 7 -20.000000 -120.000000 -30.000000 1.000002 0.000000 0.000000 0.000000 1.000000 0.000000 0.000000 0.000000 1.000002 3684.dat
1 7 -20.000000 -120.000000 70.000200 -1.000002 0.000000 0.000000 0.000000 1.000000 0.000000 0.000000 0.000000 -1.000002 3684.dat
1 3 -20.000000 -48.000000 -30.000000 1.000002 0.000000 0.000000 0.000000 1.000000 0.000000 0.000000 0.000000 1.000002 3747a.dat
1 3 -20.000000 -48.000000 70.000200 -1.000002 0.000000 0.000000 0.000000 1.000000 0.000000 0.000000 0.000000 -1.000002 3747a.dat
1 42 -30.000000 -144.000000 70.000200 1.000002 0.000000 0.000000 0.000000 1.000000 0.000000 0.000000 0.000000 1.000002 6141.dat
1 38 -30.000000 -144.000000 -30.000000 1.000002 0.000000 0.000000 0.000000 1.000000 0.000000 0.000000 0.000000 1.000002 6141.dat
1 0 -30.000000 -48.000000 20.000100 0.000000 0.000000 1.000002 0.000000 1.000000 0.000000 -1.000002 0.000000 0.000000 3660.dat
1 3 -50.000000 -56.000000 20.000100 0.000000 0.000000 1.000002 0.000000 1.000000 0.000000 -1.000002 0.000000 0.000000 2412b.dat
1 0 -10.000000 -48.000000 50.000100 0.000000 0.000000 1.000002 0.000000 1.000000 0.000000 -1.000002 0.000000 0.000000 3040b.dat
1 0 -10.000000 -48.000000 -10.000000 0.000000 0.000000 1.000002 0.000000 1.000000 0.000000 -1.000002 0.000000 0.000000 3040b.dat
1 14 210.000100 -176.000000 20.000000 0.000000 0.000000 -1.000000 0.000000 1.000000 0.000000 1.000000 0.000000 0.000000 2540.dat
1 42 -20.000000 -104.000000 20.000100 0.000000 0.000000 1.000000 0.000000 1.000000 0.000000 -1.000000 0.000000 0.000000 4345b.dat
1 42 -20.000200 -104.000000 20.000300 0.000000 0.000000 0.999990 0.000000 1.000000 0.000000 -0.999990 0.000000 0.000000 4346.dat
1 0 210.000000 -48.500000 -10.000100 0.000000 0.000000 -1.000000 0.000000 1.000000 0.000000 1.000000 0.000000 0.000000 3040b.dat
1 0 70.000200 -24.000000 20.000100 0.000000 0.000000 1.000001 0.000000 1.000000 0.000000 -1.000001 0.000000 0.000000 3004.dat
1 0 50.000100 -48.000000 20.000100 0.000000 0.000000 -1.000001 0.000000 1.000000 0.000000 1.000001 0.000000 0.000000 3039.dat
1 0 -20.000000 -128.000000 -20.000000 1.000002 0.000000 0.000000 0.000000 1.000000 0.000000 0.000000 0.000000 1.000002 3022.dat
1 0 -20.000000 -128.000000 60.000200 1.000002 0.000000 0.000000 0.000000 1.000000 0.000000 0.000000 0.000000 1.000002 3022.dat
1 0 50.000000 -24.000000 20.000000 0.000000 0.000000 1.000000 0.000000 1.000000 0.000000 -1.000000 0.000000 0.000000 3660.dat
1 14 -20.000000 -24.000000 20.000000 0.000000 0.000000 -1.000000 0.000000 1.000000 0.000000 1.000000 0.000000 0.000000 2456.dat
1 14 20.000100 -128.000000 20.000100 1.000000 0.000000 0.000000 0.000000 1.000000 0.000000 0.000000 0.000000 1.000000 3022.dat
1 7 20.000100 -120.000000 20.000100 1.000000 0.000000 0.000000 0.000000 1.000000 0.000000 0.000000 0.000000 1.000000 3022.dat
1 8 -9.999900 -96.500000 20.000100 0.000000 0.000000 -1.000000 0.000000 1.000000 0.000000 1.000000 0.000000 0.000000 2399.dat
1 0 20.000100 -72.500000 20.000100 1.000000 0.000000 0.000000 0.000000 1.000000 0.000000 0.000000 0.000000 1.000000 3003.dat
1 383 50.000100 -56.000000 20.000100 0.000000 0.000000 1.000000 0.000000 1.000000 0.000000 -1.000000 0.000000 0.000000 2412b.dat
1 0 -9.999900 -120.000000 50.000200 0.000000 0.000000 1.000000 0.000000 1.000000 0.000000 -1.000000 0.000000 0.000000 3665.dat
1 0 -10.000000 -120.000000 -9.999900 0.000000 0.000000 1.000000 0.000000 1.000000 0.000000 -1.000000 0.000000 0.000000 3665.dat
1 0 30.000100 -48.500000 20.000100 0.000000 0.000000 1.000000 0.000000 1.000000 0.000000 -1.000000 0.000000 0.000000 3660.dat
1 8 220.000000 -136.000000 19.999900 -1.000000 0.000000 0.000000 0.000000 1.000000 0.000000 0.000000 0.000000 -1.000000 30303.dat
1 14 220.000100 -56.000000 110.000000 -1.000000 0.000000 0.000000 0.000000 1.000000 0.000000 0.000000 0.000000 -1.000000 2412b.dat
1 0 270.000100 -144.000000 19.999900 0.000000 0.000000 -1.000000 0.000000 1.000000 0.000000 1.000000 0.000000 0.000000 2412b.dat
1 14 220.000000 -56.000000 -70.000000 -1.000000 0.000000 0.000000 0.000000 1.000000 0.000000 0.000000 0.000000 -1.000000 2412b.dat
1 7 220.000000 -120.000000 70.000000 -1.000000 0.000000 0.000000 0.000000 1.000000 0.000000 0.000000 0.000000 -1.000000 3684.dat
1 7 220.000000 -120.000000 -30.000100 1.000000 0.000000 0.000000 0.000000 1.000000 0.000000 0.000000 0.000000 1.000000 3684.dat
1 3 220.000000 -48.000000 70.000000 -1.000000 0.000000 0.000000 0.000000 1.000000 0.000000 0.000000 0.000000 -1.000000 3747a.dat
1 3 220.000000 -48.000000 -30.000100 1.000000 0.000000 0.000000 0.000000 1.000000 0.000000 0.000000 0.000000 1.000000 3747a.dat
1 42 230.000000 -144.000000 -30.000100 -1.000000 0.000000 0.000000 0.000000 1.000000 0.000000 0.000000 0.000000 -1.000000 6141.dat
1 38 230.000100 -144.000000 70.000000 -1.000000 0.000000 0.000000 0.000000 1.000000 0.000000 0.000000 0.000000 -1.000000 6141.dat
1 0 230.000100 -48.000000 20.000000 0.000000 0.000000 -1.000000 0.000000 1.000000 0.000000 1.000000 0.000000 0.000000 3660.dat
1 3 250.000100 -56.000000 20.000000 0.000000 0.000000 -1.000000 0.000000 1.000000 0.000000 1.000000 0.000000 0.000000 2412b.dat
1 14 210.000000 -102.000000 20.160000 0.000000 0.000000 -0.999999 1.000000 0.000000 0.000000 0.000000 -0.999999 0.000000 30258p01.dat
1 14 190.000000 -112.000000 19.999900 0.000000 0.000000 -0.999999 0.000000 1.000000 0.000000 0.999999 0.000000 0.000000 30236.dat
1 0 130.000000 -24.000000 20.000000 0.000000 0.000000 -1.000000 0.000000 1.000000 0.000000 1.000000 0.000000 0.000000 3004.dat
1 0 150.000100 -48.000000 20.000000 -0.000001 0.000000 1.000000 0.000000 1.000000 0.000000 -1.000000 0.000000 -0.000001 3039.dat
1 0 220.000100 -128.000000 59.999900 -1.000000 0.000000 0.000000 0.000000 1.000000 0.000000 0.000000 0.000000 -1.000000 3022.dat
1 0 220.000000 -128.000000 -20.000100 -1.000000 0.000000 0.000000 0.000000 1.000000 0.000000 0.000000 0.000000 -1.000000 3022.dat
1 14 210.000000 -62.500000 20.289900 0.000000 0.000000 -0.999999 1.000000 0.000000 0.000000 0.000000 -0.999999 0.000000 30258p01.dat
1 0 150.000200 -24.000000 20.000100 0.000000 0.000000 -0.999999 0.000000 1.000000 0.000000 0.999999 0.000000 0.000000 3660.dat
1 14 220.000000 -24.000000 20.000100 -0.000001 0.000000 0.999999 0.000000 1.000000 0.000000 -0.999999 0.000000 -0.000001 2456.dat
1 14 180.000000 -128.000000 19.999900 -0.999999 0.000000 0.000000 0.000000 1.000000 0.000000 0.000000 0.000000 -0.999999 3022.dat
1 7 180.000000 -120.000000 19.999900 -0.999999 0.000000 0.000000 0.000000 1.000000 0.000000 0.000000 0.000000 -0.999999 3022.dat
1 8 210.000000 -96.500000 19.999900 0.000000 0.000000 0.999999 0.000000 1.000000 0.000000 -0.999999 0.000000 0.000000 2399.dat
1 383 150.000000 -56.000000 19.999900 0.000000 0.000000 -0.999999 0.000000 1.000000 0.000000 0.999999 0.000000 0.000000 2412b.dat
1 8 210.000000 -120.000000 -10.000100 0.000001 0.000000 -0.999999 0.000000 1.000000 0.000000 0.999999 0.000000 0.000001 3665.dat
1 8 210.000100 -120.000000 50.000000 0.000001 0.000000 -0.999999 0.000000 1.000000 0.000000 0.999999 0.000000 0.000001 3665.dat
1 0 170.000000 -48.500000 19.999900 0.000000 0.000000 -0.999999 0.000000 1.000000 0.000000 0.999999 0.000000 0.000000 3660.dat
1 0 190.000000 -72.500000 19.999900 0.000000 0.000000 -0.999999 0.000000 1.000000 0.000000 0.999999 0.000000 0.000000 30236.dat
1 0 170.000000 -72.500000 19.999900 0.000000 0.000000 -0.999999 0.000000 1.000000 0.000000 0.999999 0.000000 0.000000 3004.dat
1 14 170.000000 -112.000000 19.999900 0.000000 0.000000 -0.999999 0.000000 1.000000 0.000000 0.999999 0.000000 0.000000 3004.dat
1 38 210.000000 -72.500000 -10.000100 1.000000 0.000000 0.000000 0.000000 1.000000 0.000000 0.000000 0.000000 1.000000 4589.dat
1 383 210.000100 -184.000000 20.000000 0.000000 0.000000 -1.000000 0.000000 1.000000 0.000000 1.000000 0.000000 0.000000 2412b.dat
1 14 230.000100 -174.000000 19.910000 0.500004 0.000000 -0.866023 0.866023 -0.000001 0.500004 0.000000 -1.000000 0.000000 30258p01.dat
1 14 20.000100 -112.000000 20.000100 1.000000 0.000000 0.000000 0.000000 1.000000 0.000000 0.000000 0.000000 1.000000 3003.dat
1 0 -10.000000 -72.000000 50.000100 1.000000 0.000000 0.000000 0.000000 1.000000 0.000000 0.000000 0.000000 1.000000 3005.dat
1 0 -9.999900 -72.500000 -9.999900 1.000000 0.000000 0.000000 0.000000 1.000000 0.000000 0.000000 0.000000 1.000000 3005.dat
1 0 -20.000000 -56.000000 20.000100 1.000000 0.000000 0.000000 0.000000 1.000000 0.000000 0.000000 0.000000 1.000000 3022.dat
1 42 -20.000000 -128.000000 20.000100 1.000000 0.000000 0.000000 0.000000 1.000000 0.000000 0.000000 0.000000 1.000000 3941.dat
1 38 210.000000 -72.500000 49.999900 1.000000 0.000000 0.000000 0.000000 1.000000 0.000000 0.000000 0.000000 1.000000 4589.dat
1 0 210.000000 -48.000000 50.000100 0.000000 0.000000 -1.000000 0.000000 1.000000 0.000000 1.000000 0.000000 0.000000 3040b.dat
1 8 210.000100 -168.000000 20.000000 0.000000 0.000000 -1.000000 0.000000 1.000000 0.000000 1.000000 0.000000 0.000000 3039p04.dat
1 8 -10.000030 -168.000000 20.000120 0.000000 0.000000 1.000000 0.000000 1.000000 0.000000 -1.000000 0.000000 0.000000 3039p04.dat
1 383 -10.000020 -176.000000 20.000120 0.000000 0.000000 -1.000000 0.000000 1.000000 0.000000 1.000000 0.000000 0.000000 2412b.dat
1 14 9.999940 -222.000000 -30.000200 0.000000 -1.000000 0.000000 1.000000 0.000000 0.000000 0.000000 0.000000 1.000000 73590c02b.dat copy 2
1 14 -10.000170 -222.000100 50.000280 0.000000 0.000000 1.000000 1.000000 0.000000 0.000000 0.000000 1.000000 0.000000 73590c02b.dat copy 3
1 14 190.000100 -222.000100 70.000290 0.000000 1.000000 0.000000 1.000000 0.000000 0.000000 0.000000 0.000000 -1.000000 73590c02b.dat copy 4
1 14 210.000200 -222.000000 -10.000160 0.000000 0.000000 -1.000000 1.000000 0.000000 0.000000 0.000000 -1.000000 0.000000 73590c02b.dat copy 5
0 NOFILE
0 FILE 73590c02b.dat Copy 2
0 Hose, Flexible 8.5L with Tabbed Ends Black (Ends different color than Tube)
0 Name:  73590c02b
0 Author:  Thom Kok [thomkok23]
0 FlexibleBrick:  73590c02b.dat
0 FlexibleBrickControlPointUnitLength -1
0 FlexibleBrickLockedControlPoint 
1 16 70.000010 -20.000180 40.000280 0.000000 1.000000 0.000000 -1.000000 0.000000 0.000000 0.000000 0.000000 1.000000 750.dat
1 16 70.000010 19.999910 0.000200 0.000000 1.000000 0.000000 -1.000000 0.000000 0.000000 0.000000 0.000000 1.000000 750.dat
1 16 70.000010 -20.000180 40.000280 0.000000 -1.000000 0.000000 1.000000 0.000000 0.000000 0.000000 0.000000 1.000000 755.dat
1 16 70.000010 19.999910 0.000200 0.000000 -1.000000 0.000000 1.000000 0.000000 0.000000 0.000000 0.000000 1.000000 755.dat
1 16 64.553480 -20.004090 40.002400 0.004581 0.999953 -0.008570 0.000000 0.008570 0.999963 0.999989 -0.004580 0.000039 754.dat
1 16 61.546980 -20.021060 40.008450 0.001986 0.999982 -0.005677 0.000000 0.005677 0.999984 0.999998 -0.001985 0.000011 754.dat
1 16 58.540520 -20.043310 40.011040 0.000723 0.999972 -0.007392 0.000000 0.007393 0.999973 1.000000 -0.000723 0.000005 754.dat
1 16 55.534050 -20.061360 40.001800 -0.003459 0.999977 -0.005782 0.000000 0.005782 0.999983 0.999994 0.003459 -0.000020 754.dat
1 16 52.527680 -20.065690 39.972160 -0.010602 0.999943 -0.000870 0.000000 0.000870 1.000000 0.999944 0.010602 -0.000009 754.dat
1 16 49.521800 -20.046580 39.913390 -0.020786 0.999756 0.007401 0.000000 -0.007402 0.999973 0.999784 0.020785 0.000154 754.dat
1 16 46.517360 -19.994090 39.816350 -0.034140 0.999234 0.019119 0.000000 -0.019130 0.999817 0.999417 0.034134 0.000653 754.dat
1 16 43.515980 -19.897890 39.671530 -0.050824 0.998115 0.034401 0.000000 -0.034445 0.999406 0.998707 0.050794 0.001751 754.dat
1 16 40.520240 -19.747240 39.468970 -0.071023 0.996046 0.053360 0.000000 -0.053495 0.998568 0.997475 0.070921 0.003799 754.dat
1 16 37.533990 -19.530970 39.198230 -0.094969 0.992567 0.076097 0.000000 -0.076442 0.997074 0.995480 0.094691 0.007260 754.dat
1 16 34.562690 -19.237430 38.848420 -0.122912 0.987094 0.102656 0.000000 -0.103440 0.994636 0.992417 0.122253 0.012714 754.dat
1 16 31.613760 -18.854620 38.408260 -0.155148 0.978900 0.132980 0.000000 -0.134610 0.990898 0.987891 0.153736 0.020885 754.dat
1 16 28.697020 -18.370320 37.866280 -0.191997 0.967106 0.166862 0.000000 -0.170026 0.985440 0.981396 0.189201 0.032644 754.dat
1 16 25.825160 -17.772300 37.211020 -0.233807 0.950675 0.203843 0.000000 -0.209654 0.977776 0.972283 0.228611 0.049019 754.dat
1 16 23.014090 -17.048700 36.431440 -0.280952 0.928415 0.243126 0.000000 -0.253329 0.967380 0.959721 0.271788 0.071174 754.dat
1 16 20.283420 -16.188520 35.517350 -0.333826 0.899008 0.283451 0.000000 -0.300701 0.953718 0.942635 0.318376 0.100382 754.dat
1 16 17.656660 -15.182210 34.460040 -0.392802 0.861051 0.322951 0.000000 -0.351178 0.936309 0.919623 0.367784 0.137944 754.dat
1 16 15.161290 -14.022480 33.253020 -0.458156 0.813148 0.359002 0.000000 -0.403885 0.914810 0.888872 0.419126 0.185043 754.dat
1 16 12.828570 -12.705100 31.892960 -0.529949 0.754022 0.388079 0.000000 -0.457624 0.889146 0.848030 0.471202 0.242517 754.dat
1 16 10.692910 -11.229850 30.380510 -0.607783 0.682658 0.405682 0.000000 -0.510868 0.859659 0.794103 0.522486 0.310498 754.dat
1 16 8.790870 -9.601439 28.721180 -0.690404 0.598479 0.406405 0.000000 -0.561779 0.827287 0.723424 0.571162 0.387855 754.dat
1 16 7.159610 -7.830200 26.926040 -0.775083 0.501517 0.384352 0.000000 -0.608287 0.793717 0.631859 0.615197 0.471473 754.dat
1 16 5.834930 -5.932540 25.012100 -0.856867 0.392559 0.334180 0.000000 -0.648217 0.761455 0.515538 0.652466 0.555436 754.dat
1 16 4.849070 -3.930980 23.002320 -0.928074 0.273230 0.253030 0.000000 -0.679464 0.733708 0.372396 0.680935 0.630593 754.dat
1 16 4.228300 -1.853600 20.925000 -0.978872 0.145983 0.143173 0.000000 -0.700202 0.713944 0.204474 0.698860 0.685409 756.dat
1 16 3.990840 0.267010 18.812680 -0.999803 0.013975 0.014054 0.000000 -0.709085 0.705123 0.019820 0.704984 0.708946 754.dat
1 16 4.145180 2.395370 16.700550 0.985766 0.119166 -0.118598 0.000000 0.705418 0.708792 0.168125 -0.698702 0.695377 754.dat
1 16 4.689230 4.495090 14.624470 0.938756 0.249658 -0.237504 0.000000 0.689251 0.724523 0.344583 -0.680150 0.647038 754.dat
1 16 5.610370 6.530950 12.618890 0.866874 0.373919 -0.329719 0.000000 0.661385 0.750047 0.498528 -0.650196 0.573337 754.dat
1 16 6.886400 8.470880 10.714960 0.780495 0.488877 -0.389649 0.000000 0.623277 0.782001 0.625162 -0.610348 0.486465 754.dat
1 16 8.487329 10.287610 8.938880 0.688734 0.592215 -0.418243 0.000000 0.576875 0.816832 0.725014 -0.562580 0.397313 754.dat
1 16 10.377620 11.959800 7.310930 0.597934 0.682490 -0.420335 0.000000 0.524406 0.851468 0.801545 -0.509122 0.313560 754.dat
1 16 12.518670 13.472520 5.844950 0.511804 0.759139 -0.402200 0.000000 0.468164 0.883642 0.859102 -0.452252 0.239608 754.dat
1 16 14.871160 14.817260 4.548440 0.432165 0.822383 -0.370026 0.000000 0.410322 0.911941 0.901795 -0.394108 0.177327 754.dat
1 16 17.397100 15.991440 3.423070 0.359699 0.873071 -0.329187 0.000000 0.352801 0.935698 0.933068 -0.336569 0.126902 754.dat
1 16 20.061320 16.997600 2.465540 0.294475 0.912482 -0.284010 0.000000 0.297188 0.954819 0.955659 -0.281170 0.087514 754.dat
1 16 22.832620 17.842470 1.668500 0.236272 0.942144 -0.237783 0.000000 0.244711 0.969596 0.971687 -0.229088 0.057819 754.dat
1 16 25.684180 18.535920 1.021590 0.184749 0.963674 -0.192873 0.000000 0.196251 0.980553 0.982786 -0.181156 0.036257 754.dat
1 16 28.593780 19.090110 0.512310 0.139538 0.978650 -0.150906 0.000000 0.152398 0.988319 0.990217 -0.137908 0.021265 754.dat
1 16 31.543570 19.518630 0.126890 0.100283 0.988532 -0.112906 0.000000 0.113478 0.993540 0.994959 -0.099635 0.011380 754.dat
1 16 34.519750 19.835870 -0.149180 0.066658 0.994606 -0.079465 0.000000 0.079643 0.996823 0.997776 -0.066446 0.005309 754.dat
1 16 37.512050 20.056560 -0.330590 0.038370 0.997968 -0.050864 0.000000 0.050902 0.998704 0.999263 -0.038320 0.001953 754.dat
1 16 40.513150 20.195390 -0.431920 0.015163 0.999515 -0.027179 0.000000 0.027182 0.999630 0.999885 -0.015157 0.000412 754.dat
1 16 43.518210 20.266820 -0.467450 -0.003183 0.999960 -0.008365 0.000000 0.008365 0.999965 0.999995 0.003183 -0.000026 754.dat
1 16 46.524300 20.284960 -0.451060 -0.016852 0.999842 0.005681 0.000000 -0.005682 0.999984 0.999858 0.016852 0.000096 754.dat
1 16 49.529960 20.263550 -0.396190 -0.025990 0.999548 0.015074 0.000000 -0.015079 0.999886 0.999662 0.025987 0.000392 754.dat
1 16 52.534800 20.215990 -0.315910 -0.030716 0.999330 0.019885 0.000000 -0.019894 0.999802 0.999528 0.030710 0.000611 754.dat
1 16 55.539040 20.155420 -0.222990 -0.030486 0.999311 0.021168 0.000000 -0.021178 0.999776 0.999535 0.030479 0.000646 754.dat
1 16 58.543290 20.091910 -0.131850 -0.025861 0.999503 0.018013 0.000000 -0.018019 0.999838 0.999665 0.025857 0.000466 754.dat
1 16 61.548120 20.038430 -0.055100 -0.016107 0.999807 0.011220 0.000000 -0.011222 0.999937 0.999870 0.016106 0.000181 754.dat
1 16 64.553810 20.005110 -0.007260 -0.016661 0.999794 0.011606 0.000000 -0.011607 0.999932 0.999861 0.016660 0.000194 754.dat
0 NOFILE
0 FILE 73590c02b.dat Copy 3
0 Hose, Flexible 8.5L with Tabbed Ends Black (Ends different color than Tube)
0 Name:  73590c02b
0 Author:  Thom Kok [thomkok23]
0 FlexibleBrick:  73590c02b.dat
0 FlexibleBrickControlPointUnitLength -1
0 FlexibleBrickLockedControlPoint 
1 16 70.000010 -20.000180 40.000280 0.000000 1.000000 0.000000 -1.000000 0.000000 0.000000 0.000000 0.000000 1.000000 750.dat
1 16 70.000010 19.999910 0.000200 0.000000 1.000000 0.000000 -1.000000 0.000000 0.000000 0.000000 0.000000 1.000000 750.dat
1 16 70.000010 -20.000180 40.000280 0.000000 -1.000000 0.000000 1.000000 0.000000 0.000000 0.000000 0.000000 1.000000 755.dat
1 16 70.000010 19.999910 0.000200 0.000000 -1.000000 0.000000 1.000000 0.000000 0.000000 0.000000 0.000000 1.000000 755.dat
1 16 64.553480 -20.004090 40.002400 0.004581 0.999953 -0.008570 0.000000 0.008570 0.999963 0.999989 -0.004580 0.000039 754.dat
1 16 61.546980 -20.021060 40.008450 0.001986 0.999982 -0.005677 0.000000 0.005677 0.999984 0.999998 -0.001985 0.000011 754.dat
1 16 58.540520 -20.043310 40.011040 0.000723 0.999972 -0.007392 0.000000 0.007393 0.999973 1.000000 -0.000723 0.000005 754.dat
1 16 55.534050 -20.061360 40.001800 -0.003459 0.999977 -0.005782 0.000000 0.005782 0.999983 0.999994 0.003459 -0.000020 754.dat
1 16 52.527680 -20.065690 39.972160 -0.010602 0.999943 -0.000870 0.000000 0.000870 1.000000 0.999944 0.010602 -0.000009 754.dat
1 16 49.521800 -20.046580 39.913390 -0.020786 0.999756 0.007401 0.000000 -0.007402 0.999973 0.999784 0.020785 0.000154 754.dat
1 16 46.517360 -19.994090 39.816350 -0.034140 0.999234 0.019119 0.000000 -0.019130 0.999817 0.999417 0.034134 0.000653 754.dat
1 16 43.515980 -19.897890 39.671530 -0.050824 0.998115 0.034401 0.000000 -0.034445 0.999406 0.998707 0.050794 0.001751 754.dat
1 16 40.520240 -19.747240 39.468970 -0.071023 0.996046 0.053360 0.000000 -0.053495 0.998568 0.997475 0.070921 0.003799 754.dat
1 16 37.533990 -19.530970 39.198230 -0.094969 0.992567 0.076097 0.000000 -0.076442 0.997074 0.995480 0.094691 0.007260 754.dat
1 16 34.562690 -19.237430 38.848420 -0.122912 0.987094 0.102656 0.000000 -0.103440 0.994636 0.992417 0.122253 0.012714 754.dat
1 16 31.613760 -18.854620 38.408260 -0.155148 0.978900 0.132980 0.000000 -0.134610 0.990898 0.987891 0.153736 0.020885 754.dat
1 16 28.697020 -18.370320 37.866280 -0.191997 0.967106 0.166862 0.000000 -0.170026 0.985440 0.981396 0.189201 0.032644 754.dat
1 16 25.825160 -17.772300 37.211020 -0.233807 0.950675 0.203843 0.000000 -0.209654 0.977776 0.972283 0.228611 0.049019 754.dat
1 16 23.014090 -17.048700 36.431440 -0.280952 0.928415 0.243126 0.000000 -0.253329 0.967380 0.959721 0.271788 0.071174 754.dat
1 16 20.283420 -16.188520 35.517350 -0.333826 0.899008 0.283451 0.000000 -0.300701 0.953718 0.942635 0.318376 0.100382 754.dat
1 16 17.656660 -15.182210 34.460040 -0.392802 0.861051 0.322951 0.000000 -0.351178 0.936309 0.919623 0.367784 0.137944 754.dat
1 16 15.161290 -14.022480 33.253020 -0.458156 0.813148 0.359002 0.000000 -0.403885 0.914810 0.888872 0.419126 0.185043 754.dat
1 16 12.828570 -12.705100 31.892960 -0.529949 0.754022 0.388079 0.000000 -0.457624 0.889146 0.848030 0.471202 0.242517 754.dat
1 16 10.692910 -11.229850 30.380510 -0.607783 0.682658 0.405682 0.000000 -0.510868 0.859659 0.794103 0.522486 0.310498 754.dat
1 16 8.790870 -9.601439 28.721180 -0.690404 0.598479 0.406405 0.000000 -0.561779 0.827287 0.723424 0.571162 0.387855 754.dat
1 16 7.159610 -7.830200 26.926040 -0.775083 0.501517 0.384352 0.000000 -0.608287 0.793717 0.631859 0.615197 0.471473 754.dat
1 16 5.834930 -5.932540 25.012100 -0.856867 0.392559 0.334180 0.000000 -0.648217 0.761455 0.515538 0.652466 0.555436 754.dat
1 16 4.849070 -3.930980 23.002320 -0.928074 0.273230 0.253030 0.000000 -0.679464 0.733708 0.372396 0.680935 0.630593 754.dat
1 16 4.228300 -1.853600 20.925000 -0.978872 0.145983 0.143173 0.000000 -0.700202 0.713944 0.204474 0.698860 0.685409 756.dat
1 16 3.990840 0.267010 18.812680 -0.999803 0.013975 0.014054 0.000000 -0.709085 0.705123 0.019820 0.704984 0.708946 754.dat
1 16 4.145180 2.395370 16.700550 0.985766 0.119166 -0.118598 0.000000 0.705418 0.708792 0.168125 -0.698702 0.695377 754.dat
1 16 4.689230 4.495090 14.624470 0.938756 0.249658 -0.237504 0.000000 0.689251 0.724523 0.344583 -0.680150 0.647038 754.dat
1 16 5.610370 6.530950 12.618890 0.866874 0.373919 -0.329719 0.000000 0.661385 0.750047 0.498528 -0.650196 0.573337 754.dat
1 16 6.886400 8.470880 10.714960 0.780495 0.488877 -0.389649 0.000000 0.623277 0.782001 0.625162 -0.610348 0.486465 754.dat
1 16 8.487329 10.287610 8.938880 0.688734 0.592215 -0.418243 0.000000 0.576875 0.816832 0.725014 -0.562580 0.397313 754.dat
1 16 10.377620 11.959800 7.310930 0.597934 0.682490 -0.420335 0.000000 0.524406 0.851468 0.801545 -0.509122 0.313560 754.dat
1 16 12.518670 13.472520 5.844950 0.511804 0.759139 -0.402200 0.000000 0.468164 0.883642 0.859102 -0.452252 0.239608 754.dat
1 16 14.871160 14.817260 4.548440 0.432165 0.822383 -0.370026 0.000000 0.410322 0.911941 0.901795 -0.394108 0.177327 754.dat
1 16 17.397100 15.991440 3.423070 0.359699 0.873071 -0.329187 0.000000 0.352801 0.935698 0.933068 -0.336569 0.126902 754.dat
1 16 20.061320 16.997600 2.465540 0.294475 0.912482 -0.284010 0.000000 0.297188 0.954819 0.955659 -0.281170 0.087514 754.dat
1 16 22.832620 17.842470 1.668500 0.236272 0.942144 -0.237783 0.000000 0.244711 0.969596 0.971687 -0.229088 0.057819 754.dat
1 16 25.684180 18.535920 1.021590 0.184749 0.963674 -0.192873 0.000000 0.196251 0.980553 0.982786 -0.181156 0.036257 754.dat
1 16 28.593780 19.090110 0.512310 0.139538 0.978650 -0.150906 0.000000 0.152398 0.988319 0.990217 -0.137908 0.021265 754.dat
1 16 31.543570 19.518630 0.126890 0.100283 0.988532 -0.112906 0.000000 0.113478 0.993540 0.994959 -0.099635 0.011380 754.dat
1 16 34.519750 19.835870 -0.149180 0.066658 0.994606 -0.079465 0.000000 0.079643 0.996823 0.997776 -0.066446 0.005309 754.dat
1 16 37.512050 20.056560 -0.330590 0.038370 0.997968 -0.050864 0.000000 0.050902 0.998704 0.999263 -0.038320 0.001953 754.dat
1 16 40.513150 20.195390 -0.431920 0.015163 0.999515 -0.027179 0.000000 0.027182 0.999630 0.999885 -0.015157 0.000412 754.dat
1 16 43.518210 20.266820 -0.467450 -0.003183 0.999960 -0.008365 0.000000 0.008365 0.999965 0.999995 0.003183 -0.000026 754.dat
1 16 46.524300 20.284960 -0.451060 -0.016852 0.999842 0.005681 0.000000 -0.005682 0.999984 0.999858 0.016852 0.000096 754.dat
1 16 49.529960 20.263550 -0.396190 -0.025990 0.999548 0.015074 0.000000 -0.015079 0.999886 0.999662 0.025987 0.000392 754.dat
1 16 52.534800 20.215990 -0.315910 -0.030716 0.999330 0.019885 0.000000 -0.019894 0.999802 0.999528 0.030710 0.000611 754.dat
1 16 55.539040 20.155420 -0.222990 -0.030486 0.999311 0.021168 0.000000 -0.021178 0.999776 0.999535 0.030479 0.000646 754.dat
1 16 58.543290 20.091910 -0.131850 -0.025861 0.999503 0.018013 0.000000 -0.018019 0.999838 0.999665 0.025857 0.000466 754.dat
1 16 61.548120 20.038430 -0.055100 -0.016107 0.999807 0.011220 0.000000 -0.011222 0.999937 0.999870 0.016106 0.000181 754.dat
1 16 64.553810 20.005110 -0.007260 -0.016661 0.999794 0.011606 0.000000 -0.011607 0.999932 0.999861 0.016660 0.000194 754.dat
0 NOFILE
0 FILE 73590c02b.dat Copy 4
0 Hose, Flexible 8.5L with Tabbed Ends Black (Ends different color than Tube)
0 Name:  73590c02b
0 Author:  Thom Kok [thomkok23]
0 FlexibleBrick:  73590c02b.dat
0 FlexibleBrickControlPointUnitLength -1
0 FlexibleBrickLockedControlPoint 
1 16 70.000010 -20.000180 40.000280 0.000000 1.000000 0.000000 -1.000000 0.000000 0.000000 0.000000 0.000000 1.000000 750.dat
1 16 70.000010 19.999910 0.000200 0.000000 1.000000 0.000000 -1.000000 0.000000 0.000000 0.000000 0.000000 1.000000 750.dat
1 16 70.000010 -20.000180 40.000280 0.000000 -1.000000 0.000000 1.000000 0.000000 0.000000 0.000000 0.000000 1.000000 755.dat
1 16 70.000010 19.999910 0.000200 0.000000 -1.000000 0.000000 1.000000 0.000000 0.000000 0.000000 0.000000 1.000000 755.dat
1 16 64.553480 -20.004090 40.002400 0.004581 0.999953 -0.008570 0.000000 0.008570 0.999963 0.999989 -0.004580 0.000039 754.dat
1 16 61.546980 -20.021060 40.008450 0.001986 0.999982 -0.005677 0.000000 0.005677 0.999984 0.999998 -0.001985 0.000011 754.dat
1 16 58.540520 -20.043310 40.011040 0.000723 0.999972 -0.007392 0.000000 0.007393 0.999973 1.000000 -0.000723 0.000005 754.dat
1 16 55.534050 -20.061360 40.001800 -0.003459 0.999977 -0.005782 0.000000 0.005782 0.999983 0.999994 0.003459 -0.000020 754.dat
1 16 52.527680 -20.065690 39.972160 -0.010602 0.999943 -0.000870 0.000000 0.000870 1.000000 0.999944 0.010602 -0.000009 754.dat
1 16 49.521800 -20.046580 39.913390 -0.020786 0.999756 0.007401 0.000000 -0.007402 0.999973 0.999784 0.020785 0.000154 754.dat
1 16 46.517360 -19.994090 39.816350 -0.034140 0.999234 0.019119 0.000000 -0.019130 0.999817 0.999417 0.034134 0.000653 754.dat
1 16 43.515980 -19.897890 39.671530 -0.050824 0.998115 0.034401 0.000000 -0.034445 0.999406 0.998707 0.050794 0.001751 754.dat
1 16 40.520240 -19.747240 39.468970 -0.071023 0.996046 0.053360 0.000000 -0.053495 0.998568 0.997475 0.070921 0.003799 754.dat
1 16 37.533990 -19.530970 39.198230 -0.094969 0.992567 0.076097 0.000000 -0.076442 0.997074 0.995480 0.094691 0.007260 754.dat
1 16 34.562690 -19.237430 38.848420 -0.122912 0.987094 0.102656 0.000000 -0.103440 0.994636 0.992417 0.122253 0.012714 754.dat
1 16 31.613760 -18.854620 38.408260 -0.155148 0.978900 0.132980 0.000000 -0.134610 0.990898 0.987891 0.153736 0.020885 754.dat
1 16 28.697020 -18.370320 37.866280 -0.191997 0.967106 0.166862 0.000000 -0.170026 0.985440 0.981396 0.189201 0.032644 754.dat
1 16 25.825160 -17.772300 37.211020 -0.233807 0.950675 0.203843 0.000000 -0.209654 0.977776 0.972283 0.228611 0.049019 754.dat
1 16 23.014090 -17.048700 36.431440 -0.280952 0.928415 0.243126 0.000000 -0.253329 0.967380 0.959721 0.271788 0.071174 754.dat
1 16 20.283420 -16.188520 35.517350 -0.333826 0.899008 0.283451 0.000000 -0.300701 0.953718 0.942635 0.318376 0.100382 754.dat
1 16 17.656660 -15.182210 34.460040 -0.392802 0.861051 0.322951 0.000000 -0.351178 0.936309 0.919623 0.367784 0.137944 754.dat
1 16 15.161290 -14.022480 33.253020 -0.458156 0.813148 0.359002 0.000000 -0.403885 0.914810 0.888872 0.419126 0.185043 754.dat
1 16 12.828570 -12.705100 31.892960 -0.529949 0.754022 0.388079 0.000000 -0.457624 0.889146 0.848030 0.471202 0.242517 754.dat
1 16 10.692910 -11.229850 30.380510 -0.607783 0.682658 0.405682 0.000000 -0.510868 0.859659 0.794103 0.522486 0.310498 754.dat
1 16 8.790870 -9.601439 28.721180 -0.690404 0.598479 0.406405 0.000000 -0.561779 0.827287 0.723424 0.571162 0.387855 754.dat
1 16 7.159610 -7.830200 26.926040 -0.775083 0.501517 0.384352 0.000000 -0.608287 0.793717 0.631859 0.615197 0.471473 754.dat
1 16 5.834930 -5.932540 25.012100 -0.856867 0.392559 0.334180 0.000000 -0.648217 0.761455 0.515538 0.652466 0.555436 754.dat
1 16 4.849070 -3.930980 23.002320 -0.928074 0.273230 0.253030 0.000000 -0.679464 0.733708 0.372396 0.680935 0.630593 754.dat
1 16 4.228300 -1.853600 20.925000 -0.978872 0.145983 0.143173 0.000000 -0.700202 0.713944 0.204474 0.698860 0.685409 756.dat
1 16 3.990840 0.267010 18.812680 -0.999803 0.013975 0.014054 0.000000 -0.709085 0.705123 0.019820 0.704984 0.708946 754.dat
1 16 4.145180 2.395370 16.700550 0.985766 0.119166 -0.118598 0.000000 0.705418 0.708792 0.168125 -0.698702 0.695377 754.dat
1 16 4.689230 4.495090 14.624470 0.938756 0.249658 -0.237504 0.000000 0.689251 0.724523 0.344583 -0.680150 0.647038 754.dat
1 16 5.610370 6.530950 12.618890 0.866874 0.373919 -0.329719 0.000000 0.661385 0.750047 0.498528 -0.650196 0.573337 754.dat
1 16 6.886400 8.470880 10.714960 0.780495 0.488877 -0.389649 0.000000 0.623277 0.782001 0.625162 -0.610348 0.486465 754.dat
1 16 8.487329 10.287610 8.938880 0.688734 0.592215 -0.418243 0.000000 0.576875 0.816832 0.725014 -0.562580 0.397313 754.dat
1 16 10.377620 11.959800 7.310930 0.597934 0.682490 -0.420335 0.000000 0.524406 0.851468 0.801545 -0.509122 0.313560 754.dat
1 16 12.518670 13.472520 5.844950 0.511804 0.759139 -0.402200 0.000000 0.468164 0.883642 0.859102 -0.452252 0.239608 754.dat
1 16 14.871160 14.817260 4.548440 0.432165 0.822383 -0.370026 0.000000 0.410322 0.911941 0.901795 -0.394108 0.177327 754.dat
1 16 17.397100 15.991440 3.423070 0.359699 0.873071 -0.329187 0.000000 0.352801 0.935698 0.933068 -0.336569 0.126902 754.dat
1 16 20.061320 16.997600 2.465540 0.294475 0.912482 -0.284010 0.000000 0.297188 0.954819 0.955659 -0.281170 0.087514 754.dat
1 16 22.832620 17.842470 1.668500 0.236272 0.942144 -0.237783 0.000000 0.244711 0.969596 0.971687 -0.229088 0.057819 754.dat
1 16 25.684180 18.535920 1.021590 0.184749 0.963674 -0.192873 0.000000 0.196251 0.980553 0.982786 -0.181156 0.036257 754.dat
1 16 28.593780 19.090110 0.512310 0.139538 0.978650 -0.150906 0.000000 0.152398 0.988319 0.990217 -0.137908 0.021265 754.dat
1 16 31.543570 19.518630 0.126890 0.100283 0.988532 -0.112906 0.000000 0.113478 0.993540 0.994959 -0.099635 0.011380 754.dat
1 16 34.519750 19.835870 -0.149180 0.066658 0.994606 -0.079465 0.000000 0.079643 0.996823 0.997776 -0.066446 0.005309 754.dat
1 16 37.512050 20.056560 -0.330590 0.038370 0.997968 -0.050864 0.000000 0.050902 0.998704 0.999263 -0.038320 0.001953 754.dat
1 16 40.513150 20.195390 -0.431920 0.015163 0.999515 -0.027179 0.000000 0.027182 0.999630 0.999885 -0.015157 0.000412 754.dat
1 16 43.518210 20.266820 -0.467450 -0.003183 0.999960 -0.008365 0.000000 0.008365 0.999965 0.999995 0.003183 -0.000026 754.dat
1 16 46.524300 20.284960 -0.451060 -0.016852 0.999842 0.005681 0.000000 -0.005682 0.999984 0.999858 0.016852 0.000096 754.dat
1 16 49.529960 20.263550 -0.396190 -0.025990 0.999548 0.015074 0.000000 -0.015079 0.999886 0.999662 0.025987 0.000392 754.dat
1 16 52.534800 20.215990 -0.315910 -0.030716 0.999330 0.019885 0.000000 -0.019894 0.999802 0.999528 0.030710 0.000611 754.dat
1 16 55.539040 20.155420 -0.222990 -0.030486 0.999311 0.021168 0.000000 -0.021178 0.999776 0.999535 0.030479 0.000646 754.dat
1 16 58.543290 20.091910 -0.131850 -0.025861 0.999503 0.018013 0.000000 -0.018019 0.999838 0.999665 0.025857 0.000466 754.dat
1 16 61.548120 20.038430 -0.055100 -0.016107 0.999807 0.011220 0.000000 -0.011222 0.999937 0.999870 0.016106 0.000181 754.dat
1 16 64.553810 20.005110 -0.007260 -0.016661 0.999794 0.011606 0.000000 -0.011607 0.999932 0.999861 0.016660 0.000194 754.dat
0 NOFILE
0 FILE 73590c02b.dat Copy 5
0 Hose, Flexible 8.5L with Tabbed Ends Black (Ends different color than Tube)
0 Name:  73590c02b
0 Author:  Thom Kok [thomkok23]
0 FlexibleBrick:  73590c02b.dat
0 FlexibleBrickControlPointUnitLength -1
0 FlexibleBrickLockedControlPoint 
1 16 70.000010 -20.000180 40.000280 0.000000 1.000000 0.000000 -1.000000 0.000000 0.000000 0.000000 0.000000 1.000000 750.dat
1 16 70.000010 19.999910 0.000200 0.000000 1.000000 0.000000 -1.000000 0.000000 0.000000 0.000000 0.000000 1.000000 750.dat
1 16 70.000010 -20.000180 40.000280 0.000000 -1.000000 0.000000 1.000000 0.000000 0.000000 0.000000 0.000000 1.000000 755.dat
1 16 70.000010 19.999910 0.000200 0.000000 -1.000000 0.000000 1.000000 0.000000 0.000000 0.000000 0.000000 1.000000 755.dat
1 16 64.553480 -20.004090 40.002400 0.004581 0.999953 -0.008570 0.000000 0.008570 0.999963 0.999989 -0.004580 0.000039 754.dat
1 16 61.546980 -20.021060 40.008450 0.001986 0.999982 -0.005677 0.000000 0.005677 0.999984 0.999998 -0.001985 0.000011 754.dat
1 16 58.540520 -20.043310 40.011040 0.000723 0.999972 -0.007392 0.000000 0.007393 0.999973 1.000000 -0.000723 0.000005 754.dat
1 16 55.534050 -20.061360 40.001800 -0.003459 0.999977 -0.005782 0.000000 0.005782 0.999983 0.999994 0.003459 -0.000020 754.dat
1 16 52.527680 -20.065690 39.972160 -0.010602 0.999943 -0.000870 0.000000 0.000870 1.000000 0.999944 0.010602 -0.000009 754.dat
1 16 49.521800 -20.046580 39.913390 -0.020786 0.999756 0.007401 0.000000 -0.007402 0.999973 0.999784 0.020785 0.000154 754.dat
1 16 46.517360 -19.994090 39.816350 -0.034140 0.999234 0.019119 0.000000 -0.019130 0.999817 0.999417 0.034134 0.000653 754.dat
1 16 43.515980 -19.897890 39.671530 -0.050824 0.998115 0.034401 0.000000 -0.034445 0.999406 0.998707 0.050794 0.001751 754.dat
1 16 40.520240 -19.747240 39.468970 -0.071023 0.996046 0.053360 0.000000 -0.053495 0.998568 0.997475 0.070921 0.003799 754.dat
1 16 37.533990 -19.530970 39.198230 -0.094969 0.992567 0.076097 0.000000 -0.076442 0.997074 0.995480 0.094691 0.007260 754.dat
1 16 34.562690 -19.237430 38.848420 -0.122912 0.987094 0.102656 0.000000 -0.103440 0.994636 0.992417 0.122253 0.012714 754.dat
1 16 31.613760 -18.854620 38.408260 -0.155148 0.978900 0.132980 0.000000 -0.134610 0.990898 0.987891 0.153736 0.020885 754.dat
1 16 28.697020 -18.370320 37.866280 -0.191997 0.967106 0.166862 0.000000 -0.170026 0.985440 0.981396 0.189201 0.032644 754.dat
1 16 25.825160 -17.772300 37.211020 -0.233807 0.950675 0.203843 0.000000 -0.209654 0.977776 0.972283 0.228611 0.049019 754.dat
1 16 23.014090 -17.048700 36.431440 -0.280952 0.928415 0.243126 0.000000 -0.253329 0.967380 0.959721 0.271788 0.071174 754.dat
1 16 20.283420 -16.188520 35.517350 -0.333826 0.899008 0.283451 0.000000 -0.300701 0.953718 0.942635 0.318376 0.100382 754.dat
1 16 17.656660 -15.182210 34.460040 -0.392802 0.861051 0.322951 0.000000 -0.351178 0.936309 0.919623 0.367784 0.137944 754.dat
1 16 15.161290 -14.022480 33.253020 -0.458156 0.813148 0.359002 0.000000 -0.403885 0.914810 0.888872 0.419126 0.185043 754.dat
1 16 12.828570 -12.705100 31.892960 -0.529949 0.754022 0.388079 0.000000 -0.457624 0.889146 0.848030 0.471202 0.242517 754.dat
1 16 10.692910 -11.229850 30.380510 -0.607783 0.682658 0.405682 0.000000 -0.510868 0.859659 0.794103 0.522486 0.310498 754.dat
1 16 8.790870 -9.601439 28.721180 -0.690404 0.598479 0.406405 0.000000 -0.561779 0.827287 0.723424 0.571162 0.387855 754.dat
1 16 7.159610 -7.830200 26.926040 -0.775083 0.501517 0.384352 0.000000 -0.608287 0.793717 0.631859 0.615197 0.471473 754.dat
1 16 5.834930 -5.932540 25.012100 -0.856867 0.392559 0.334180 0.000000 -0.648217 0.761455 0.515538 0.652466 0.555436 754.dat
1 16 4.849070 -3.930980 23.002320 -0.928074 0.273230 0.253030 0.000000 -0.679464 0.733708 0.372396 0.680935 0.630593 754.dat
1 16 4.228300 -1.853600 20.925000 -0.978872 0.145983 0.143173 0.000000 -0.700202 0.713944 0.204474 0.698860 0.685409 756.dat
1 16 3.990840 0.267010 18.812680 -0.999803 0.013975 0.014054 0.000000 -0.709085 0.705123 0.019820 0.704984 0.708946 754.dat
1 16 4.145180 2.395370 16.700550 0.985766 0.119166 -0.118598 0.000000 0.705418 0.708792 0.168125 -0.698702 0.695377 754.dat
1 16 4.689230 4.495090 14.624470 0.938756 0.249658 -0.237504 0.000000 0.689251 0.724523 0.344583 -0.680150 0.647038 754.dat
1 16 5.610370 6.530950 12.618890 0.866874 0.373919 -0.329719 0.000000 0.661385 0.750047 0.498528 -0.650196 0.573337 754.dat
1 16 6.886400 8.470880 10.714960 0.780495 0.488877 -0.389649 0.000000 0.623277 0.782001 0.625162 -0.610348 0.486465 754.dat
1 16 8.487329 10.287610 8.938880 0.688734 0.592215 -0.418243 0.000000 0.576875 0.816832 0.725014 -0.562580 0.397313 754.dat
1 16 10.377620 11.959800 7.310930 0.597934 0.682490 -0.420335 0.000000 0.524406 0.851468 0.801545 -0.509122 0.313560 754.dat
1 16 12.518670 13.472520 5.844950 0.511804 0.759139 -0.402200 0.000000 0.468164 0.883642 0.859102 -0.452252 0.239608 754.dat
1 16 14.871160 14.817260 4.548440 0.432165 0.822383 -0.370026 0.000000 0.410322 0.911941 0.901795 -0.394108 0.177327 754.dat
1 16 17.397100 15.991440 3.423070 0.359699 0.873071 -0.329187 0.000000 0.352801 0.935698 0.933068 -0.336569 0.126902 754.dat
1 16 20.061320 16.997600 2.465540 0.294475 0.912482 -0.284010 0.000000 0.297188 0.954819 0.955659 -0.281170 0.087514 754.dat
1 16 22.832620 17.842470 1.668500 0.236272 0.942144 -0.237783 0.000000 0.244711 0.969596 0.971687 -0.229088 0.057819 754.dat
1 16 25.684180 18.535920 1.021590 0.184749 0.963674 -0.192873 0.000000 0.196251 0.980553 0.982786 -0.181156 0.036257 754.dat
1 16 28.593780 19.090110 0.512310 0.139538 0.978650 -0.150906 0.000000 0.152398 0.988319 0.990217 -0.137908 0.021265 754.dat
1 16 31.543570 19.518630 0.126890 0.100283 0.988532 -0.112906 0.000000 0.113478 0.993540 0.994959 -0.099635 0.011380 754.dat
1 16 34.519750 19.835870 -0.149180 0.066658 0.994606 -0.079465 0.000000 0.079643 0.996823 0.997776 -0.066446 0.005309 754.dat
1 16 37.512050 20.056560 -0.330590 0.038370 0.997968 -0.050864 0.000000 0.050902 0.998704 0.999263 -0.038320 0.001953 754.dat
1 16 40.513150 20.195390 -0.431920 0.015163 0.999515 -0.027179 0.000000 0.027182 0.999630 0.999885 -0.015157 0.000412 754.dat
1 16 43.518210 20.266820 -0.467450 -0.003183 0.999960 -0.008365 0.000000 0.008365 0.999965 0.999995 0.003183 -0.000026 754.dat
1 16 46.524300 20.284960 -0.451060 -0.016852 0.999842 0.005681 0.000000 -0.005682 0.999984 0.999858 0.016852 0.000096 754.dat
1 16 49.529960 20.263550 -0.396190 -0.025990 0.999548 0.015074 0.000000 -0.015079 0.999886 0.999662 0.025987 0.000392 754.dat
1 16 52.534800 20.215990 -0.315910 -0.030716 0.999330 0.019885 0.000000 -0.019894 0.999802 0.999528 0.030710 0.000611 754.dat
1 16 55.539040 20.155420 -0.222990 -0.030486 0.999311 0.021168 0.000000 -0.021178 0.999776 0.999535 0.030479 0.000646 754.dat
1 16 58.543290 20.091910 -0.131850 -0.025861 0.999503 0.018013 0.000000 -0.018019 0.999838 0.999665 0.025857 0.000466 754.dat
1 16 61.548120 20.038430 -0.055100 -0.016107 0.999807 0.011220 0.000000 -0.011222 0.999937 0.999870 0.016106 0.000181 754.dat
1 16 64.553810 20.005110 -0.007260 -0.016661 0.999794 0.011606 0.000000 -0.011607 0.999932 0.999861 0.016660 0.000194 754.dat
0 NOFILE
