0 FILE ChromeCrusher.io
0 Untitled Model
0 Name:  ChromeCrusher
0 Author:  Simon Eriksson
0 CustomBrick
0 FlexibleBrickControlPointUnitLength -1
0 FlexibleBrickLockedControlPoint 
0 NumOfBricks:  148
1 8 50.000000 -65.223700 120.000100 1.000000 0.000000 0.000000 0.000000 1.000000 0.000000 0.000000 0.000000 1.000000 30295.dat
1 383 189.885200 -55.298680 480.000000 1.000000 0.000000 0.000000 0.000000 0.000000 1.000000 0.000000 -1.000000 0.000000 72040.dat
1 42 140.000000 -153.223700 230.000100 1.000000 0.000000 0.000000 0.000000 1.000000 0.000000 0.000000 0.000000 1.000000 4589.dat
1 42 -40.000000 -153.223700 230.000100 1.000000 0.000000 0.000000 0.000000 1.000000 0.000000 0.000000 0.000000 1.000000 59900.dat
1 3 -50.000000 -65.223700 -30.000000 1.000000 0.000000 0.000000 0.000000 1.000000 0.000000 0.000000 0.000000 1.000000 3004.dat
1 3 150.000100 -65.223700 -30.000000 1.000000 0.000000 0.000000 0.000000 1.000000 0.000000 0.000000 0.000000 1.000000 3004.dat
1 0 50.000000 -65.223700 -40.000000 1.000000 0.000000 0.000000 0.000000 1.000000 0.000000 0.000000 0.000000 1.000000 3007.dat
1 0 -60.000000 -89.223700 -30.000000 0.000000 0.000000 -1.000000 0.000000 1.000000 0.000000 1.000000 0.000000 0.000000 4286.dat
1 6 -62.823000 -97.972690 -29.213100 -1.000000 0.000000 0.000000 0.000000 1.000000 0.000000 0.000000 0.000000 -1.000000 30104.dat copy 7
1 14 50.000000 -73.223700 130.000000 1.000000 0.000000 0.000000 0.000000 1.000000 0.000000 0.000000 0.000000 1.000000 2412b.dat
1 7 50.000000 -65.223700 270.000100 1.000000 0.000000 0.000000 0.000000 1.000000 0.000000 0.000000 0.000000 1.000000 3010.dat
1 0 -60.000000 -73.223700 180.000100 0.000000 0.000000 1.000000 0.000000 1.000000 0.000000 -1.000000 0.000000 0.000000 3023.dat
1 0 -60.000000 -73.223700 60.000000 0.000000 0.000000 1.000000 0.000000 1.000000 0.000000 -1.000000 0.000000 0.000000 3023.dat
1 0 160.000000 -73.223700 60.000000 0.000000 0.000000 1.000000 0.000000 1.000000 0.000000 -1.000000 0.000000 0.000000 3023.dat
1 0 160.000000 -73.223700 180.000100 0.000000 0.000000 1.000000 0.000000 1.000000 0.000000 -1.000000 0.000000 0.000000 3023.dat
1 8 50.000000 -65.223700 340.000100 -1.000000 0.000000 0.000000 0.000000 1.000000 0.000000 0.000000 0.000000 -1.000000 30299.dat
1 3 50.000000 -65.223700 330.000100 1.000000 0.000000 0.000000 0.000000 1.000000 0.000000 0.000000 0.000000 1.000000 3004.dat
1 0 10.000000 -49.223700 330.000100 -1.000000 0.000000 0.000000 0.000000 1.000000 0.000000 0.000000 0.000000 -1.000000 3023.dat
1 0 90.000100 -49.223700 330.000100 -1.000000 0.000000 0.000000 0.000000 1.000000 0.000000 0.000000 0.000000 -1.000000 3023.dat
1 8 -20.000000 -137.223700 280.000200 0.000000 0.000000 1.000000 0.000000 1.000000 0.000000 -1.000000 0.000000 0.000000 3039p04.dat
1 14 10.000000 -49.223700 350.000100 1.000000 0.000000 0.000000 0.000000 1.000000 0.000000 0.000000 0.000000 1.000000 2412b.dat
1 14 90.000100 -49.223700 350.000100 1.000000 0.000000 0.000000 0.000000 1.000000 0.000000 0.000000 0.000000 1.000000 2412b.dat
1 14 90.000100 -49.223700 370.000100 -1.000000 0.000000 0.000000 0.000000 1.000000 0.000000 0.000000 0.000000 -1.000000 3829c01.dat
1 14 10.000000 -49.223700 370.000100 -1.000000 0.000000 0.000000 0.000000 1.000000 0.000000 0.000000 0.000000 -1.000000 3829c01.dat
1 7 -70.000000 -65.223700 280.000100 1.000000 0.000000 0.000000 0.000000 1.000000 0.000000 0.000000 0.000000 1.000000 6249.dat
1 7 -90.000000 -65.223700 310.000200 -1.000000 0.000000 0.000000 0.000000 1.000000 0.000000 0.000000 0.000000 -1.000000 2458.dat
1 0 -90.000000 -41.223700 290.000100 0.000000 0.000000 1.000000 0.000000 1.000000 0.000000 -1.000000 0.000000 0.000000 3021.dat
1 14 50.000000 -65.223700 0.000000 1.000000 0.000000 0.000000 0.000000 1.000000 0.000000 0.000000 0.000000 1.000000 2456.dat
1 7 170.000000 -65.223700 280.000100 1.000000 0.000000 0.000000 0.000000 1.000000 0.000000 0.000000 0.000000 1.000000 6249.dat
1 7 190.000200 -65.223700 310.000000 -1.000000 0.000000 0.000000 0.000000 1.000000 0.000000 0.000000 0.000000 -1.000000 2458.dat
1 0 190.000100 -41.223700 290.000200 0.000000 0.000000 1.000001 0.000000 1.000000 0.000000 -1.000001 0.000000 0.000000 3021.dat
1 3 140.000100 -89.223700 330.000100 0.000000 0.000000 1.000000 0.000000 1.000000 0.000000 -1.000000 0.000000 0.000000 3623.dat
1 3 -40.000000 -89.223700 330.000100 0.000000 0.000000 1.000000 0.000000 1.000000 0.000000 -1.000000 0.000000 0.000000 3623.dat
1 14 110.000100 -89.223700 280.000100 1.000000 0.000000 0.000000 0.000000 1.000000 0.000000 0.000000 0.000000 1.000000 2456.dat
1 14 -10.000000 -89.223700 280.000100 1.000000 0.000000 0.000000 0.000000 1.000000 0.000000 0.000000 0.000000 1.000000 2456.dat
1 7 120.000000 -89.223700 240.000100 0.000000 0.000000 1.000000 0.000000 1.000000 0.000000 -1.000000 0.000000 0.000000 3039.dat
1 7 -20.000000 -89.223700 240.000100 0.000000 0.000000 -1.000000 0.000000 1.000000 0.000000 1.000000 0.000000 0.000000 3039.dat
1 7 50.000000 -89.223700 310.000100 -1.000000 0.000000 0.000000 0.000000 1.000000 0.000000 0.000000 0.000000 -1.000000 3039.dat
1 7 50.000000 -113.223700 290.000100 -1.000000 0.000000 0.000000 0.000000 1.000000 0.000000 0.000000 0.000000 -1.000000 3039.dat
1 0 160.000000 -89.223700 -30.000000 0.000000 0.000000 1.000000 0.000000 1.000000 0.000000 -1.000000 0.000000 0.000000 4286.dat
1 8 170.000200 -97.223690 270.000000 1.000000 0.000000 0.000000 0.000000 1.000000 0.000000 0.000000 0.000000 1.000000 3710.dat
1 8 -70.000000 -97.223690 270.000100 1.000000 0.000000 0.000000 0.000000 1.000000 0.000000 0.000000 0.000000 1.000000 3710.dat
1 3 140.000100 -97.223690 290.000100 1.000000 0.000000 0.000000 0.000000 1.000000 0.000000 0.000000 0.000000 1.000000 3024.dat
1 3 -40.000000 -97.223690 290.000100 1.000000 0.000000 0.000000 0.000000 1.000000 0.000000 0.000000 0.000000 1.000000 3024.dat
1 7 -20.000000 -113.223700 260.000200 0.000000 0.000000 1.000000 0.000000 1.000000 0.000000 -1.000000 0.000000 0.000000 3010.dat
1 7 120.000000 -113.223700 260.000100 0.000000 0.000000 1.000000 0.000000 1.000000 0.000000 -1.000000 0.000000 0.000000 3010.dat
1 3 -40.000000 -113.223700 180.000100 0.000000 0.000000 1.000000 0.000000 1.000000 0.000000 -1.000000 0.000000 0.000000 3245b.dat
1 3 -40.000000 -113.223700 60.000000 0.000000 0.000000 1.000000 0.000000 1.000000 0.000000 -1.000000 0.000000 0.000000 3245b.dat
1 3 140.000100 -113.223700 180.000100 0.000000 0.000000 1.000000 0.000000 1.000000 0.000000 -1.000000 0.000000 0.000000 3245b.dat
1 3 140.000100 -113.223700 60.000000 0.000000 0.000000 1.000000 0.000000 1.000000 0.000000 -1.000000 0.000000 0.000000 3245b.dat
1 8 -60.000000 -121.223700 120.000100 0.000000 0.000000 1.000000 0.000000 1.000000 0.000000 -1.000000 0.000000 0.000000 30296p01.dat
1 8 160.000000 -121.223700 120.000100 0.000000 0.000000 -1.000000 0.000000 1.000000 0.000000 1.000000 0.000000 0.000000 30296p01.dat
1 0 50.000000 -113.223700 270.000100 1.000000 0.000000 0.000000 0.000000 1.000000 0.000000 0.000000 0.000000 1.000000 3009.dat
1 0 -40.000000 -105.223700 280.000100 0.000000 0.000000 1.000000 0.000000 1.000000 0.000000 -1.000000 0.000000 0.000000 3023.dat
1 0 140.000100 -105.223700 280.000100 0.000000 0.000000 1.000000 0.000000 1.000000 0.000000 -1.000000 0.000000 0.000000 3023.dat
1 7 -40.000000 -113.223700 280.000100 0.000000 0.000000 1.000000 0.000000 1.000000 0.000000 -1.000000 0.000000 0.000000 2540.dat
1 7 140.000100 -113.223700 280.000100 0.000000 0.000000 -1.000000 0.000000 1.000000 0.000000 1.000000 0.000000 0.000000 2540.dat
1 3 90.000100 -113.223700 290.000100 1.000000 0.000000 0.000000 0.000000 1.000000 0.000000 0.000000 0.000000 1.000000 3004.dat
1 3 10.000000 -113.223700 290.000100 1.000000 0.000000 0.000000 0.000000 1.000000 0.000000 0.000000 0.000000 1.000000 3004.dat
1 0 -20.000000 -121.223700 240.000200 0.000000 0.000000 1.000000 0.000000 1.000000 0.000000 -1.000000 0.000000 0.000000 3023.dat
1 0 120.000000 -121.223700 240.000100 0.000000 0.000000 1.000000 0.000000 1.000000 0.000000 -1.000000 0.000000 0.000000 3023.dat
1 14 140.000100 -145.223700 10.000000 1.000000 0.000000 0.000000 0.000000 1.000000 0.000000 0.000000 0.000000 1.000000 4070.dat
1 14 160.000000 -145.223700 10.000000 1.000000 0.000000 0.000000 0.000000 1.000000 0.000000 0.000000 0.000000 1.000000 4070.dat
1 14 -40.000000 -145.223700 10.000000 1.000000 0.000000 0.000000 0.000000 1.000000 0.000000 0.000000 0.000000 1.000000 4070.dat
1 14 -60.000000 -145.223700 10.000000 1.000000 0.000000 0.000000 0.000000 1.000000 0.000000 0.000000 0.000000 1.000000 4070.dat
1 0 150.000100 -145.223700 60.000000 0.000000 0.000000 1.000000 0.000000 1.000000 0.000000 -1.000000 0.000000 0.000000 3001.dat
1 0 -50.000000 -145.223700 60.000000 0.000000 0.000000 1.000000 0.000000 1.000000 0.000000 -1.000000 0.000000 0.000000 3001.dat
1 8 90.000100 -137.223700 270.000100 1.000000 0.000000 0.000000 0.000000 1.000000 0.000000 0.000000 0.000000 1.000000 30237.dat
1 8 50.000000 -137.223700 270.000100 1.000000 0.000000 0.000000 0.000000 1.000000 0.000000 0.000000 0.000000 1.000000 30237.dat
1 8 10.000000 -137.223700 270.000100 1.000000 0.000000 0.000000 0.000000 1.000000 0.000000 0.000000 0.000000 1.000000 30237.dat
1 38 -60.000000 -135.223700 -4.000000 1.000000 0.000000 0.000000 0.000000 0.000000 -1.000000 0.000000 1.000000 0.000000 6141.dat
1 38 -40.000000 -135.223700 -4.000000 1.000000 0.000000 0.000000 0.000000 0.000000 -1.000000 0.000000 1.000000 0.000000 6141.dat
1 38 140.000100 -135.223700 -4.000000 1.000000 0.000000 0.000000 0.000000 0.000000 -1.000000 0.000000 1.000000 0.000000 6141.dat
1 38 160.000000 -135.223700 -4.000000 1.000000 0.000000 0.000000 0.000000 0.000001 -1.000000 0.000000 1.000000 0.000001 6141.dat
1 7 -50.000000 -145.223700 110.000000 -1.000000 0.000000 0.000000 0.000000 1.000000 0.000000 0.000000 0.000000 -1.000000 2458.dat
1 7 150.000000 -145.223700 110.000000 -1.000000 0.000000 0.000000 0.000000 1.000000 0.000000 0.000000 0.000000 -1.000000 2458.dat
1 3 -40.000000 -129.223700 230.000100 -1.000000 0.000000 0.000000 0.000000 1.000000 0.000000 0.000000 0.000000 -1.000000 3623.dat
1 3 140.000000 -129.223700 230.000100 -1.000000 0.000000 0.000000 0.000000 1.000000 0.000000 0.000000 0.000000 -1.000000 3623.dat
1 3 50.000000 -137.223700 290.000100 1.000000 0.000000 0.000000 0.000000 1.000000 0.000000 0.000000 0.000000 1.000000 3004.dat
1 14 10.000000 -137.223700 290.000100 1.000000 0.000000 0.000000 0.000000 1.000000 0.000000 0.000000 0.000000 1.000000 76385.dat
1 14 90.000100 -137.223700 290.000100 -1.000000 0.000000 0.000000 0.000000 1.000000 0.000000 0.000000 0.000000 -1.000000 76385.dat
1 8 120.000000 -137.223700 280.000100 0.000000 0.000000 -1.000000 0.000000 1.000000 0.000000 1.000000 0.000000 0.000000 3039p04.dat
1 7 110.000100 -145.223700 280.000100 1.000000 0.000000 0.000000 0.000000 1.000000 0.000000 0.000000 0.000000 1.000000 3022.dat
1 7 -10.000000 -145.223700 280.000100 1.000000 0.000000 0.000000 0.000000 1.000000 0.000000 0.000000 0.000000 1.000000 3022.dat
1 3 150.000100 -153.223700 60.000000 0.000000 0.000000 1.000000 0.000000 1.000000 0.000000 -1.000000 0.000000 0.000000 3795.dat
1 3 -50.000000 -153.223700 60.000000 0.000000 0.000000 1.000000 0.000000 1.000000 0.000000 -1.000000 0.000000 0.000000 3795.dat
1 8 50.000000 -73.223700 40.000000 -1.000000 0.000000 0.000000 0.000000 1.000000 0.000000 0.000000 0.000000 -1.000000 30300.dat
1 7 50.000000 -201.223700 100.000000 0.000000 0.000000 1.000000 0.000000 1.000000 0.000000 -1.000000 0.000000 0.000000 30180.dat
1 7 50.000000 -201.223700 20.000000 0.000000 0.000000 1.000000 0.000000 1.000000 0.000000 -1.000000 0.000000 0.000000 30180.dat
1 8 20.000000 -225.223700 60.000000 0.000000 0.000000 1.000000 0.000000 1.000000 0.000000 -1.000000 0.000000 0.000000 3037.dat
1 8 80.000000 -225.223700 60.000000 0.000000 0.000000 -1.000000 0.000000 1.000000 0.000000 1.000000 0.000000 0.000000 3037.dat
1 0 50.000000 -225.223700 90.000000 -1.000000 0.000000 0.000000 0.000000 1.000000 0.000000 0.000000 0.000000 -1.000000 2877.dat
1 0 50.000000 -225.223700 30.000000 1.000000 0.000000 0.000000 0.000000 1.000000 0.000000 0.000000 0.000000 1.000000 2877.dat
1 6 50.000000 -153.223700 310.000100 -1.000000 0.000000 0.000000 0.000000 1.000000 0.000000 0.000000 0.000000 -1.000000 30298.dat
1 0 50.000000 -249.223700 60.000000 1.000000 0.000000 0.000000 0.000000 1.000000 0.000000 0.000000 0.000000 1.000000 3403c01.dat
1 0 150.000100 -135.223700 260.000100 0.000000 0.000000 1.000000 0.000000 1.000000 0.000000 -1.000000 0.000000 0.000000 71923.dat copy 8
1 0 -50.000000 -135.223700 260.000100 0.000000 0.000000 -1.000000 0.000000 1.000000 0.000000 1.000000 0.000000 0.000000 71923.dat copy 15
1 7 -49.647200 -149.860700 278.000100 0.965926 0.000000 0.258820 0.258820 0.000000 -0.965926 0.000000 1.000000 0.000000 4735.dat
1 8 -49.647200 -149.860700 294.000100 0.965926 0.000000 0.258820 0.258820 0.000000 -0.965926 0.000000 1.000000 0.000000 4740.dat
1 42 -49.647100 -149.861000 301.999200 0.965926 0.000000 0.258822 0.258820 0.000000 -0.965935 0.000000 1.000010 0.000000 6141.dat
1 7 149.647500 -149.860800 275.090100 0.965927 0.000000 -0.258815 -0.258815 0.000000 -0.965927 0.000000 1.000000 0.000000 4735.dat
1 8 149.647400 -149.860700 291.090100 0.965927 0.000000 -0.258815 -0.258814 0.000000 -0.965927 0.000000 1.000000 0.000000 4740.dat
1 42 149.647400 -149.861100 299.089200 0.965927 0.000000 -0.258818 -0.258814 0.000000 -0.965936 0.000000 1.000010 0.000000 6141.dat
1 0 170.000000 -55.223700 60.000000 0.000000 0.000000 -1.000000 0.000000 1.000000 0.000000 1.000000 0.000000 0.000000 30324.dat
1 0 170.000000 -55.223700 180.000000 0.000000 0.000000 -1.000000 0.000000 1.000000 0.000000 1.000000 0.000000 0.000000 30324.dat
1 0 -70.000000 -55.223700 180.000100 0.000000 0.000000 1.000000 0.000000 1.000000 0.000000 -1.000000 0.000000 0.000000 30324.dat
1 0 -70.000000 -55.223700 60.000000 0.000000 0.000000 1.000000 0.000000 1.000000 0.000000 -1.000000 0.000000 0.000000 30324.dat
1 0 50.000000 -145.223700 280.000100 -1.000000 0.000000 0.000000 0.000000 1.000000 0.000000 0.000000 0.000000 -1.000000 3068px1.dat
1 3 190.000200 -89.223700 270.000000 -1.000000 0.000000 0.000000 0.000000 1.000000 0.000000 0.000000 0.000000 -1.000000 3298px1.dat
1 3 -90.000000 -89.223700 270.000200 -1.000000 0.000000 0.000000 0.000000 1.000000 0.000000 0.000000 0.000000 -1.000000 3298px1.dat
1 3 50.000000 -65.223700 390.000100 1.000000 0.000000 0.000000 0.000000 1.000000 0.000000 0.000000 0.000000 1.000000 3039px15.dat
1 16 50.000000 -36.000000 180.000000 1.000000 0.000000 0.000000 0.000000 1.000000 0.000000 0.000000 0.000000 1.000000 engine
1 16 -90.000000 -17.223700 360.000200 1.000000 0.000000 0.000000 0.000000 1.000000 0.000000 0.000000 0.000000 1.000000 radar copy
1 16 40.000000 -252.000000 130.000000 1.000000 0.000000 0.000000 0.000000 1.000000 0.000000 0.000000 0.000000 1.000000 laser copy
0 NOFILE
0 FILE 30104.dat Copy 7
0 Chain, 21 Links
0 Name:  30104
0 Author:  Matt Schild [mschild]
0 FlexibleBrick:  30104.dat
0 FlexibleBrickControlPointUnitLength -1
0 FlexibleBrickLockedControlPoint 
1 6 -222.823000 0.749000 0.787000 1.000000 0.000000 0.000000 0.000000 1.000000 0.000000 0.000000 0.000000 1.000000 208.dat
1 6 -214.540900 11.249700 23.730300 0.473765 0.602332 -0.642450 -0.785998 0.618228 0.000000 0.397181 0.504965 0.766327 209.dat
1 6 -207.825300 20.434200 31.450900 -0.754511 0.488405 -0.438376 0.000000 0.667964 0.744194 0.656288 0.561502 -0.503986 209.dat
1 6 -201.528900 29.691300 39.433700 0.416936 0.457919 -0.785159 -0.739421 0.673244 0.000000 0.528603 0.580563 0.619294 209.dat
1 6 -195.206500 38.903700 47.447500 -0.785085 0.459813 -0.414985 0.000000 0.669993 0.742367 0.619387 0.582822 -0.526002 209.dat
1 6 -185.806600 46.990200 53.390200 0.497095 0.683625 -0.534372 -0.808785 0.588104 0.000000 0.314266 0.432192 0.845250 209.dat
1 6 -172.416100 48.640300 50.737900 0.194298 0.973853 -0.117723 0.000000 0.120010 0.992773 0.980942 -0.192894 0.023318 209.dat
1 6 -159.178900 50.928200 47.804100 0.162454 0.962699 0.216378 -0.986059 0.166396 0.000000 -0.036004 -0.213361 0.976310 209.dat
1 6 -145.775000 53.202800 45.748400 0.151593 0.974825 -0.163511 0.000000 0.165423 0.986223 0.988443 -0.149504 0.025077 209.dat
1 6 -132.144100 54.834000 44.971300 0.118439 0.991328 0.056922 -0.992938 0.118632 0.000000 -0.006753 -0.056520 0.998379 209.dat
1 6 -118.453900 56.058200 45.352600 -0.027846 0.995642 -0.089000 0.000000 0.089035 0.996028 0.999612 0.027735 -0.002479 209.dat
1 6 -104.821700 57.377100 46.572600 0.095532 0.991428 -0.089132 -0.995390 0.095914 0.000000 0.008549 0.088721 0.996020 209.dat
1 6 -91.301810 59.163500 48.329000 -0.128833 0.983261 -0.128837 0.000000 0.129920 0.991524 0.991666 0.127742 -0.016738 209.dat
1 6 -77.849600 61.287400 50.223700 0.152958 0.978341 -0.139470 -0.987998 0.154468 0.000000 0.021544 0.137796 0.990226 209.dat
1 6 -64.128400 61.852200 50.911400 -0.050052 0.997903 -0.041025 0.000000 0.041076 0.999156 0.998746 0.050010 -0.002056 209.dat
1 6 -51.799800 56.738900 47.606400 -0.359192 0.896624 0.258932 -0.928283 -0.371875 0.000000 0.096290 -0.240362 0.965896 209.dat
1 6 -39.157600 51.464300 46.415700 0.093765 0.919428 0.381916 0.000000 -0.383606 0.923497 0.995594 -0.086592 -0.035969 209.dat
1 6 -35.978100 40.603600 38.605600 -0.297826 0.231239 0.926190 -0.613273 -0.789871 0.000000 0.731571 -0.568007 0.377057 209.dat
1 6 -26.354300 31.949400 33.963500 0.434462 0.699911 0.566893 0.000000 -0.629398 0.777083 0.900690 -0.337613 -0.273449 209.dat
1 6 -18.627700 22.178900 28.141100 -0.567498 0.561934 0.601811 -0.703615 -0.710581 0.000000 0.427635 -0.423443 0.798639 209.dat
1 6 -10.662400 12.499000 22.491500 0.578529 0.579292 0.574216 0.000000 -0.703988 0.710212 0.815662 -0.410878 -0.407277 209.dat
1 6 -2.823000 2.749000 16.786900 -0.573355 0.570138 0.588394 -0.705114 -0.709093 0.000000 0.417226 -0.414885 0.808575 209.dat
1 6 -2.823000 0.749000 0.786900 1.000000 0.000000 0.000000 0.000000 1.000000 0.000000 0.000000 0.000000 1.000000 208.dat
0 NOFILE
0 FILE 71923.dat Copy 8
0 Hose, Ribbed 7mm D. 14L
0 Name:  78c14
0 Author:  Philippe Hurbain [Philo]
0 FlexibleBrick:  71923.dat
0 FlexibleBrickControlPointUnitLength -1
0 FlexibleBrickLockedControlPoint 
1 0 -19.962300 80.074390 63.261800 0.000000 0.000000 1.000000 -1.000000 -0.000004 0.000000 0.000004 -1.118696 0.000000 79.dat
1 0 -20.080600 79.930400 70.251100 0.999850 0.019448 -0.000372 0.000000 0.024112 0.999769 0.017333 -1.121820 0.021482 80.dat
1 0 -20.445500 79.247300 77.199400 0.998575 0.061822 -0.005377 0.000000 0.117341 0.994911 0.053359 -1.156959 0.100619 80.dat
1 0 -20.951000 77.917400 84.043500 0.997230 0.086010 -0.014590 0.000000 0.231293 0.980575 0.074384 -1.153092 0.195601 80.dat
1 0 -21.489200 75.842200 90.695690 0.996753 0.091858 -0.024655 0.000000 0.366975 0.951964 0.080515 -1.137174 0.305215 80.dat
1 0 -21.951200 72.942100 97.036190 0.997486 0.078224 -0.030322 0.000000 0.522606 0.903827 0.070863 -1.101102 0.426822 80.dat
1 0 -22.229600 69.171700 102.910300 0.999093 0.044112 -0.023664 0.000000 0.692765 0.831299 0.042575 -1.035168 0.555321 80.dat
1 0 -22.223500 64.535300 108.132800 0.999937 -0.010417 0.007642 0.000000 0.866976 0.731333 -0.011205 -0.929603 0.681978 80.dat
1 0 -21.846400 59.102700 112.501900 0.994341 -0.083110 0.084587 0.000000 1.029471 0.605034 -0.106239 -0.777870 0.791694 80.dat
1 0 -21.036500 53.016400 115.822200 0.960199 -0.168729 0.247789 0.000000 1.161089 0.461538 -0.279319 -0.580031 0.851812 80.dat
1 0 -19.764300 46.487100 117.934000 0.799651 -0.259214 0.567260 0.000000 1.243588 0.327935 -0.600465 -0.345199 0.755431 80.dat
1 0 -18.037200 39.773500 118.740100 0.254802 -0.345154 0.930666 0.000000 1.265186 0.271522 -0.966993 -0.090948 0.245230 80.dat
1 0 -15.897900 33.150100 118.223600 -0.359057 -0.418104 0.876487 0.000000 1.224335 0.343615 -0.933316 0.160849 -0.337194 80.dat
1 0 -13.415000 26.872200 116.448900 -0.636232 -0.472716 0.678213 0.000000 1.130023 0.476662 -0.771498 0.389836 -0.559303 80.dat
1 0 -10.671100 21.144900 113.547400 -0.753582 -0.507706 0.519956 0.000000 0.998485 0.611839 -0.657354 0.582026 -0.596070 80.dat
1 0 -7.748600 16.106900 109.693900 -0.812336 -0.525362 0.399749 0.000000 0.848058 0.728117 -0.583189 0.731787 -0.556818 80.dat
1 0 -4.719000 11.827000 105.078700 -0.845897 -0.530070 0.305562 0.000000 0.694708 0.819616 -0.533347 0.840700 -0.484626 80.dat
1 0 -1.636400 8.313499 99.885400 -0.866557 -0.526831 0.230550 0.000000 0.549823 0.886905 -0.499078 0.914746 -0.400308 80.dat
1 0 1.465400 5.528800 94.276610 -0.879522 -0.520232 0.170662 0.000000 0.420024 0.933476 -0.475858 0.961538 -0.315431 80.dat
1 0 4.571600 3.405900 88.386800 -0.887204 -0.513955 0.122995 0.000000 0.308111 0.963812 -0.461377 0.988308 -0.236513 80.dat
1 0 7.684500 1.862300 82.322200 -0.890745 -0.510753 0.085170 0.000000 0.214381 0.982285 -0.454503 1.000985 -0.166919 80.dat
1 0 10.820000 0.810600 76.164600 -0.890630 -0.512571 0.055144 0.000000 0.137711 0.992620 -0.454729 1.003919 -0.108006 80.dat
1 0 14.004200 0.165400 69.976100 -0.886933 -0.520753 0.031205 0.000000 0.076341 0.997716 -0.461900 0.999942 -0.059920 80.dat
1 0 17.271200 -0.152600 63.805800 -0.879435 -0.536215 0.011982 0.000000 0.028364 0.999683 -0.476018 0.990647 -0.022137 80.dat
1 0 20.660300 -0.215100 57.694400 -0.867697 -0.559539 -0.003541 0.000000 -0.008018 0.999975 -0.497095 0.976696 0.006181 80.dat
1 0 24.213900 -0.085600 51.679200 -0.851086 -0.590997 -0.016029 0.000000 -0.034382 0.999534 -0.525027 0.958025 0.025984 80.dat
1 0 27.975300 0.179800 45.797200 -0.828834 -0.630504 -0.025811 0.000000 -0.052044 0.998935 -0.559495 0.934026 0.038237 80.dat
1 0 31.986300 0.531800 40.088300 -0.800103 -0.677547 -0.032919 0.000000 -0.062078 0.998493 -0.599863 0.903719 0.043908 80.dat
1 0 36.284300 0.926900 34.596500 -0.764093 -0.731062 -0.037151 0.000000 -0.065372 0.998340 -0.645106 0.865903 0.044004 80.dat
1 0 40.899500 1.326800 29.370200 -0.720200 -0.789336 -0.038180 0.000000 -0.062708 0.998485 -0.693766 0.819411 0.039634 80.dat
1 0 45.851800 1.698200 24.461500 -0.668180 -0.850016 -0.035691 0.000000 -0.054871 0.998849 -0.744000 0.763392 0.032054 80.dat
1 0 51.148200 2.012600 19.923500 -0.608311 -0.910205 -0.029561 0.000000 -0.042742 0.999306 -0.793699 0.697604 0.022657 80.dat
1 0 56.781400 2.247700 15.807000 -0.541528 -0.966731 -0.020006 0.000000 -0.027374 0.999717 -0.840683 0.622722 0.012887 80.dat
1 0 62.728900 2.387200 12.156000 -0.469459 -1.016594 -0.007683 0.000000 -0.010019 0.999962 -0.882954 0.540515 0.004085 80.dat
1 0 68.955700 2.422100 9.002999 -0.394363 -1.057442 0.006319 0.000000 0.007912 0.999976 -0.918955 0.453794 -0.002711 80.dat
1 0 75.416900 2.351100 6.364600 -0.318955 -1.087996 0.020598 0.000000 0.024954 0.999764 -0.947770 0.366146 -0.006932 80.dat
1 0 82.062600 2.180700 4.239200 -0.246166 -1.108282 0.033644 0.000000 0.039716 0.999397 -0.969228 0.281483 -0.008545 80.dat
1 0 88.843400 1.924900 2.605400 -0.178840 -1.119517 0.044052 0.000000 0.050998 0.998997 -0.983878 0.203495 -0.008007 80.dat
1 0 95.714900 1.604100 1.423500 -0.119508 -1.123798 0.050691 0.000000 0.057867 0.998696 -0.992833 0.135272 -0.006101 80.dat
1 0 102.641400 1.244300 0.637600 -0.070208 -1.123622 0.052762 0.000000 0.059661 0.998600 -0.997533 0.079082 -0.003713 80.dat
1 0 109.597000 0.875600 0.179200 -0.032413 -1.121432 0.049773 0.000000 0.055945 0.998759 -0.999475 0.036368 -0.001614 80.dat
1 0 116.566200 0.531100 -0.029200 -0.007063 -1.119180 0.041453 0.000000 0.046435 0.999140 -0.999975 0.007905 -0.000293 80.dat
1 0 123.541200 0.246000 -0.070700 0.005330 -1.118118 0.027661 0.000000 0.030941 0.999617 -0.999986 -0.005960 0.000148 80.dat
1 0 130.519500 0.056600 -0.031800 0.004566 -1.117339 0.008337 0.000000 0.009315 0.999965 -0.999990 -0.005102 0.000038 80.dat
1 0 137.500000 0.000000 0.000000 0.000000 1.116955 0.000000 1.000000 0.000000 0.000000 0.000000 0.000000 -1.000000 79.dat
0 NOFILE
0 FILE 71923.dat Copy 15
0 Hose, Ribbed 7mm D. 14L
0 Name:  78c14
0 Author:  Philippe Hurbain [Philo]
0 FlexibleBrick:  71923.dat
0 FlexibleBrickControlPointUnitLength -1
0 FlexibleBrickLockedControlPoint 
1 0 -137.500000 0.000000 0.000000 0.000000 -1.117886 0.000000 -1.000000 0.000000 0.000000 0.000000 0.000000 -1.000000 79.dat
1 0 -130.513300 0.021400 0.014600 0.002260 -1.117948 -0.003151 0.000000 -0.003523 0.999995 -0.999998 -0.002527 -0.000007 80.dat
1 0 -123.528000 0.096800 0.134500 0.017893 -1.120700 -0.011037 0.000000 -0.012374 0.999939 -0.999840 -0.020056 -0.000197 80.dat
1 0 -116.548500 0.216900 0.421800 0.042841 -1.122181 -0.017499 0.000000 -0.019676 0.999847 -0.999082 -0.048120 -0.000750 80.dat
1 0 -109.583300 0.372900 0.938800 0.077117 -1.122962 -0.022630 0.000000 -0.025572 0.999742 -0.997022 -0.086858 -0.001750 80.dat
1 0 -102.646800 0.557200 1.746400 0.120529 -1.121843 -0.026541 0.000000 -0.030225 0.999643 -0.992710 -0.136208 -0.003222 80.dat
1 0 -95.760890 0.762900 2.902700 0.172560 -1.117265 -0.029331 0.000000 -0.033791 0.999557 -0.984999 -0.195731 -0.005138 80.dat
1 0 -88.955200 0.984000 4.459500 0.232243 -1.107451 -0.031047 0.000000 -0.036361 0.999491 -0.972658 -0.264428 -0.007413 80.dat
1 0 -82.267200 1.214700 6.459600 0.298105 -1.090613 -0.031659 0.000000 -0.037916 0.999450 -0.954533 -0.340603 -0.009887 80.dat
1 0 -75.740000 1.448300 8.933599 0.368164 -1.065288 -0.031050 0.000000 -0.038285 0.999442 -0.929761 -0.421830 -0.012295 80.dat
1 0 -69.420000 1.676700 11.896800 0.440040 -1.030729 -0.029047 0.000000 -0.037149 0.999477 -0.897978 -0.505093 -0.014234 80.dat
1 0 -63.352200 1.889600 15.348400 0.511187 -0.987127 -0.025500 0.000000 -0.034092 0.999560 -0.859470 -0.587113 -0.015167 80.dat
1 0 -57.576600 2.074200 19.271000 0.579118 -0.935705 -0.020372 0.000000 -0.028691 0.999688 -0.815244 -0.664689 -0.014472 80.dat
1 0 -52.123200 2.215600 23.632600 0.641704 -0.878655 -0.013821 0.000000 -0.020649 0.999838 -0.766952 -0.735165 -0.011564 80.dat
1 0 -47.009300 2.298100 28.390000 0.697379 -0.818771 -0.006235 0.000000 -0.009940 0.999962 -0.716702 -0.796696 -0.006067 80.dat
1 0 -42.237700 2.306900 33.492200 0.745224 -0.759082 0.001791 0.000000 0.003058 0.999997 -0.666814 -0.848341 0.002002 80.dat
1 0 -37.796400 2.231200 38.884700 0.784963 -0.702466 0.009532 0.000000 0.017446 0.999882 -0.619543 -0.890026 0.012077 80.dat
1 0 -33.659600 2.067400 44.513500 0.816843 -0.651368 0.016204 0.000000 0.031730 0.999606 -0.576860 -0.922347 0.022945 80.dat
1 0 -29.790400 1.823000 50.327500 0.841445 -0.607743 0.021021 0.000000 0.043790 0.999243 -0.540343 -0.946402 0.032736 80.dat
1 0 -26.142400 1.519900 56.281100 0.859515 -0.573046 0.023181 0.000000 0.050902 0.998971 -0.511111 -0.963669 0.038982 80.dat
1 0 -22.663500 1.198600 62.334900 0.871818 -0.548263 0.021767 0.000000 0.049788 0.999012 -0.489831 -0.975818 0.038742 80.dat
1 0 -19.298000 0.920600 68.455400 0.879011 -0.534039 0.015612 0.000000 0.036693 0.999464 -0.476802 -0.984531 0.028781 80.dat
1 0 -15.989900 0.770800 74.611800 0.881592 -0.530641 0.003130 0.000000 0.007455 0.999978 -0.472013 -0.991093 0.005846 80.dat
1 0 -12.686400 0.857700 80.772000 0.879870 -0.537851 -0.017798 0.000000 -0.042418 0.999299 -0.475214 -0.995844 -0.032952 80.dat
1 0 -9.342999 1.311900 86.893700 0.873926 -0.554564 -0.049828 0.000000 -0.117582 0.994732 -0.486060 -0.997094 -0.089590 80.dat
1 0 -5.929100 2.280000 92.914710 0.863521 -0.578318 -0.095951 0.000000 -0.222241 0.981733 -0.504313 -0.990238 -0.164295 80.dat
1 0 -2.435800 3.913600 98.741290 0.847902 -0.604611 -0.159069 0.000000 -0.358712 0.953925 -0.530153 -0.966988 -0.254408 80.dat
1 0 1.116700 6.350900 104.239500 0.825368 -0.626362 -0.241474 0.000000 -0.524916 0.903923 -0.564595 -0.915663 -0.353005 80.dat
1 0 4.673900 9.691600 109.233800 0.792229 -0.634447 -0.344637 0.000000 -0.711531 0.825248 -0.610225 -0.823675 -0.447428 80.dat
1 0 8.147500 13.970200 113.518100 0.740217 -0.619600 -0.469915 0.000000 -0.900482 0.715224 -0.672368 -0.682125 -0.517335 80.dat
1 0 11.424200 19.133700 116.880700 0.649034 -0.575833 -0.620579 0.000000 -1.067465 0.578423 -0.760759 -0.491267 -0.529441 80.dat
1 0 14.383100 25.036900 119.138000 0.463086 -0.503430 -0.799703 0.000000 -1.188676 0.431151 -0.886313 -0.263035 -0.417833 80.dat
1 0 16.917700 31.457500 120.167400 0.044573 -0.409584 -0.949170 0.000000 -1.248913 0.311902 -0.999006 -0.018275 -0.042350 80.dat
1 0 18.955500 38.129700 119.925900 -0.584459 -0.305889 -0.776654 0.000000 -1.245971 0.289593 -0.811423 0.220328 0.559415 80.dat
1 0 20.468100 44.785200 118.450600 -0.905241 -0.204325 -0.393913 0.000000 -1.189215 0.374879 -0.424899 0.435312 0.839225 80.dat
1 0 21.471600 51.186600 115.840800 -0.983395 -0.114004 -0.157371 0.000000 -1.093816 0.498027 -0.181478 0.617768 0.852762 80.dat
1 0 22.018200 57.146300 112.233400 -0.998637 -0.040051 -0.041003 0.000000 -0.974844 0.618579 -0.052185 0.766425 0.784652 80.dat
1 0 22.183100 62.530300 107.778700 -0.999842 0.015750 0.012286 0.000000 -0.843885 0.723627 0.017801 0.884626 0.690082 80.dat
1 0 22.054200 67.251300 102.623400 -0.998494 0.053695 0.032165 0.000000 -0.708322 0.810106 0.054862 0.977260 0.585401 80.dat
1 0 21.722200 71.257600 96.901500 -0.997457 0.074959 0.034065 0.000000 -0.572137 0.878414 0.071280 1.048951 0.476686 80.dat
1 0 21.276000 74.521300 90.732100 -0.997323 0.080890 0.026872 0.000000 -0.437107 0.930027 0.073124 1.103248 0.366507 80.dat
1 0 20.800700 77.029800 84.220400 -0.997987 0.072605 0.016271 0.000000 -0.303859 0.966532 0.063422 1.142479 0.256030 80.dat
1 0 20.376700 78.780100 77.461490 -0.999053 0.050868 0.006354 0.000000 -0.172548 0.989282 0.043513 1.167935 0.145877 80.dat
1 0 20.081000 79.775200 70.544200 -0.999907 0.015347 0.000500 0.000000 -0.041284 0.999328 0.013635 1.125461 0.036650 80.dat
1 0 19.988100 80.022800 63.554400 0.000000 0.000000 -1.000000 1.000000 0.000000 0.000000 0.000000 -1.119169 0.000000 79.dat
0 NOFILE
0 FILE Engine
0 Engine
0 Name:  Engine
0 Author:  
0 CustomBrick
0 FlexibleBrickControlPointUnitLength -1
0 FlexibleBrickLockedControlPoint 
0 NumOfBricks:  17
1 0 -20.000100 -29.223700 0.000500 0.000000 0.000000 1.000002 0.000000 1.000000 0.000000 -1.000002 0.000000 0.000000 3001.dat
1 0 20.000000 -29.223700 0.000110 0.000000 0.000000 1.000000 0.000000 1.000000 0.000000 -1.000000 0.000000 0.000000 3001.dat
1 0 0.000000 -53.223700 0.000500 0.000000 0.000000 1.000002 0.000000 1.000000 0.000000 -1.000002 0.000000 0.000000 3001.dat
1 14 30.000100 -53.223700 0.000400 0.000000 0.000000 -1.000002 0.000000 1.000000 0.000000 1.000002 0.000000 0.000000 3937.dat
1 0 -37.071100 -50.294800 0.000500 0.000000 0.707106 0.707110 0.000000 0.707109 -0.707105 -1.000002 0.000000 0.000000 3938.dat
1 14 -30.000100 -53.223700 0.000500 0.000000 0.000000 1.000002 0.000000 1.000000 0.000000 -1.000002 0.000000 0.000000 3937.dat
1 0 37.071200 -50.294700 0.000400 0.000000 -0.707110 0.707106 0.000000 0.707105 0.707109 -1.000002 0.000000 0.000000 3938.dat
1 383 -42.728000 -55.951700 0.000500 0.000000 0.707106 0.707110 0.000000 0.707109 -0.707105 -1.000002 0.000000 0.000000 2412b.dat
1 383 42.728200 -55.951600 0.000400 0.000000 -0.707110 -0.707106 0.000000 0.707105 -0.707109 1.000002 0.000000 0.000000 2412b.dat
1 7 10.000000 -61.223700 -29.999600 1.000002 0.000000 0.000000 0.000000 1.000000 0.000000 0.000000 0.000000 1.000002 6141.dat
1 7 -10.000000 -61.223700 -29.999600 1.000002 0.000000 0.000000 0.000000 1.000000 0.000000 0.000000 0.000000 1.000002 6141.dat
1 7 10.000000 -61.223700 -9.999499 1.000002 0.000000 0.000000 0.000000 1.000000 0.000000 0.000000 0.000000 1.000002 6141.dat
1 7 -10.000000 -61.223700 -9.999499 1.000002 0.000000 0.000000 0.000000 1.000000 0.000000 0.000000 0.000000 1.000002 6141.dat
1 7 10.000000 -61.223700 10.000500 1.000002 0.000000 0.000000 0.000000 1.000000 0.000000 0.000000 0.000000 1.000002 6141.dat
1 7 -10.000000 -61.223700 10.000500 1.000002 0.000000 0.000000 0.000000 1.000000 0.000000 0.000000 0.000000 1.000002 6141.dat
1 7 10.000000 -61.223700 30.000500 1.000002 0.000000 0.000000 0.000000 1.000000 0.000000 0.000000 0.000000 1.000002 6141.dat
1 7 -10.000000 -61.223700 30.000500 1.000002 0.000000 0.000000 0.000000 1.000000 0.000000 0.000000 0.000000 1.000002 6141.dat
0 NOFILE
0 FILE Radar Copy
0 Radar Copy
0 Name:  Radar Copy
0 Author:  
0 CustomBrick
0 FlexibleBrickControlPointUnitLength -1
0 FlexibleBrickLockedControlPoint 
0 NumOfBricks:  13
1 3 0.000000 -24.000000 0.000100 0.000000 0.000000 -1.000000 0.000000 1.000000 0.000000 1.000000 0.000000 0.000000 3020.dat
1 0 0.000000 -56.000000 10.000100 0.000000 0.000000 -1.000000 0.000000 1.000000 0.000000 1.000000 0.000000 0.000000 3021.dat
1 7 0.000000 -48.000000 10.000100 0.000000 0.000000 -1.000000 0.000000 1.000000 0.000000 1.000000 0.000000 0.000000 3002.dat
1 14 0.000000 -48.000000 -30.000000 1.000000 0.000000 0.000000 0.000000 1.000000 0.000000 0.000000 0.000000 1.000000 3700.dat
1 0 10.000000 -56.000000 -30.000000 0.000000 0.000000 -1.000000 0.000000 1.000000 0.000000 1.000000 0.000000 0.000000 4081b.dat
1 0 -10.000000 -56.000000 -30.000000 0.000000 0.000000 1.000000 0.000000 1.000000 0.000000 -1.000000 0.000000 0.000000 4081b.dat
1 7 -29.999900 -54.000000 -42.000000 1.000000 0.000000 0.000000 0.000000 0.000000 -1.000000 0.000000 1.000000 0.000000 6141.dat
1 7 30.000000 -54.000000 -42.000100 1.000000 0.000000 0.000000 0.000000 0.000000 -1.000000 0.000000 1.000000 0.000000 6141.dat
1 8 0.000600 -80.000000 10.000200 0.999999 0.000000 0.000000 0.000000 1.000000 0.000000 0.000000 0.000000 0.999999 3298.dat
1 3 0.000000 -80.000000 30.000000 1.000000 0.000000 0.000000 0.000000 1.000000 0.000000 0.000000 0.000000 1.000000 3004.dat
1 7 0.000000 -60.000000 40.000000 -1.000000 0.000000 0.000000 -0.000001 0.000000 1.000000 0.000000 1.000000 0.000000 3956.dat
1 7 0.000000 -60.000000 48.000000 1.000000 0.000000 0.000000 0.000000 0.000000 -1.000000 0.000000 1.000000 0.000000 4285b.dat
1 42 0.000000 -60.000000 56.000100 0.999999 0.000000 0.000000 0.000000 0.000000 -1.000000 0.000000 0.999999 0.000000 3960.dat
0 NOFILE
0 FILE Laser Copy
0 Laser Copy
0 Name:  Laser Copy
0 Author:  
0 CustomBrick
0 FlexibleBrickControlPointUnitLength -1
0 FlexibleBrickLockedControlPoint 
0 NumOfBricks:  7
1 8 10.000000 -53.223700 -70.000000 -1.000000 0.000000 0.000000 0.000000 1.000000 0.000000 0.000000 0.000000 -1.000000 30346c01.dat
1 7 -9.881800 -69.525600 -4.000000 0.965926 0.000000 0.258819 0.258819 0.000000 -0.965926 0.000000 1.000000 0.000000 4735.dat
1 8 -9.881700 -69.525600 12.000000 0.965926 0.000000 0.258819 0.258819 0.000000 -0.965926 0.000000 1.000000 0.000000 4740.dat
1 42 -9.881599 -69.526000 19.999210 0.965926 0.000000 0.258822 0.258819 0.000000 -0.965935 0.000000 1.000010 0.000000 6141.dat
1 42 10.000000 -43.223700 62.000110 0.000000 0.000000 1.000000 -1.000000 0.000000 0.000000 0.000000 -1.000000 0.000000 3957.dat
1 42 0.000000 -77.223700 -140.000000 1.000000 0.000000 0.000000 0.000000 1.000000 0.000000 0.000000 0.000000 1.000000 4589.dat
1 38 0.000000 -77.223700 -160.000000 1.000000 0.000000 0.000000 0.000000 1.000000 0.000000 0.000000 0.000000 1.000000 4589.dat
0 NOFILE
