0 Untitled Model
0 Name:  HoverScout
0 Author:  Simon Eriksson
0 CustomBrick
0 FlexibleBrickControlPointUnitLength -1
0 FlexibleBrickLockedControlPoint 
0 NumOfBricks:  17
1 8 0.000000 -8.000000 0.000000 1.000000 0.000000 0.000000 0.000000 1.000000 0.000000 0.000000 0.000000 1.000000 30303.dat
1 0 -10.000000 -16.000000 -50.000000 0.000000 0.000000 1.000000 0.000000 1.000000 0.000000 -1.000000 0.000000 0.000000 4081b.dat
1 0 -10.000000 -16.000000 50.000000 0.000000 0.000000 1.000000 0.000000 1.000000 0.000000 -1.000000 0.000000 0.000000 4081b.dat
1 0 10.000000 -16.000000 50.000000 0.000000 0.000000 -1.000000 0.000000 1.000000 0.000000 1.000000 0.000000 0.000000 4081b.dat
1 0 10.000000 -16.000000 -50.000000 0.000000 0.000000 -1.000000 0.000000 1.000000 0.000000 1.000000 0.000000 0.000000 4081b.dat
1 8 0.000000 -40.000000 50.000000 1.000000 0.000000 0.000000 0.000000 1.000000 0.000000 0.000000 0.000000 1.000000 3049c.dat
1 3 0.000000 -24.000000 -30.000000 -1.000000 0.000000 0.000000 0.000000 1.000000 0.000000 0.000000 0.000000 -1.000000 2342.dat
1 0 18.000000 -48.000000 -30.000000 0.000000 -1.000000 0.000000 -0.258820 0.000000 0.965926 -0.965926 0.000000 -0.258820 4592.dat
1 0 -18.000000 -48.000000 -30.000000 0.000000 1.000000 0.000000 0.258819 0.000000 0.965926 0.965926 0.000000 -0.258819 4592.dat
1 14 -18.000000 -48.000000 -30.000000 0.000000 0.087155 0.996195 -0.258819 0.962251 -0.084186 -0.965926 -0.257834 0.022557 4593.dat
1 14 18.000000 -48.000000 -30.000000 0.000000 -0.087156 0.996195 -0.258819 0.962250 0.084186 -0.965926 -0.257835 -0.022558 4593.dat
1 42 -30.000000 -14.000000 -62.000000 -1.000000 0.000000 0.000000 0.000000 0.000000 1.000000 0.000000 1.000000 0.000000 6141.dat
1 42 30.000000 -14.000000 -62.000000 -1.000000 0.000000 0.000000 0.000000 0.000000 1.000000 0.000000 1.000000 0.000000 6141.dat
1 38 30.000000 -14.000000 62.000000 1.000000 0.000000 0.000000 0.000000 0.000000 1.000000 0.000000 -1.000000 0.000000 6141.dat
1 38 -30.000000 -14.000000 62.000000 1.000000 0.000000 0.000000 0.000000 0.000000 1.000000 0.000000 -1.000000 0.000000 6141.dat
1 7 0.000000 -40.000000 -50.000000 1.000000 0.000000 0.000000 0.000000 1.000000 0.000000 0.000000 0.000000 1.000000 3048b.dat
1 7 0.000000 -40.000000 30.000000 1.000000 0.000000 0.000000 0.000000 1.000000 0.000000 0.000000 0.000000 1.000000 3048b.dat
