0 FILE LoaderDozer.io
0 Untitled Model
0 Name:  LoaderDozer
0 Author:  Simon Eriksson
0 CustomBrick
0 FlexibleBrickControlPointUnitLength -1
0 FlexibleBrickLockedControlPoint 
0 NumOfBricks:  78
1 8 0.000300 -65.223700 50.000300 -0.999999 0.000000 0.000000 0.000000 1.000000 0.000000 0.000000 0.000000 -0.999999 30295.dat
1 0 -119.999600 -55.223700 -9.999700 0.000000 0.000000 0.999999 0.000000 1.000000 0.000000 -0.999999 0.000000 0.000000 30324.dat
1 14 -49.999800 -65.223700 130.000200 0.000000 0.000000 0.999999 0.000000 1.000000 0.000000 -0.999999 0.000000 0.000000 3009.dat
1 14 50.000300 -65.223700 130.000200 0.000000 0.000000 0.999999 0.000000 1.000000 0.000000 -0.999999 0.000000 0.000000 3009.dat
1 7 -49.999700 -65.223700 -49.999600 0.000000 0.000000 0.999999 0.000000 1.000000 0.000000 -0.999999 0.000000 0.000000 3008.dat
1 7 50.000200 -65.223700 -49.999600 0.000000 0.000000 0.999999 0.000000 1.000000 0.000000 -0.999999 0.000000 0.000000 3008.dat
1 0 -39.999800 -79.223700 190.000200 1.000000 0.000000 0.000000 0.000000 -0.939693 -0.342020 0.000000 0.342020 -0.939693 2780.dat
1 6 39.737100 -429.764300 215.110200 1.000000 -0.000001 0.000002 -0.000002 0.087160 0.996195 -0.000001 -0.996195 0.087160 30104.dat copy 13
1 3 0.000290 -113.223700 -19.999630 1.000000 0.000000 0.000000 0.000000 1.000000 0.000000 0.000000 0.000000 1.000000 3684.dat
1 0 -49.999800 -113.223700 150.000100 0.000000 0.000000 0.999999 0.000000 1.000000 0.000000 -0.999999 0.000000 0.000000 3678a.dat
1 14 0.000300 -65.223700 10.000300 0.999999 0.000000 0.000000 0.000000 1.000000 0.000000 0.000000 0.000000 0.999999 3001.dat
1 0 -59.999600 -113.223700 60.000300 0.000000 0.000000 0.999999 0.000000 1.000000 0.000000 -0.999999 0.000000 0.000000 3002.dat
1 14 60.000200 -89.223700 70.000200 0.999999 0.000000 0.000000 0.000000 1.000000 0.000000 0.000000 0.000000 0.999999 3003.dat
1 7 60.000200 -89.223700 40.000300 0.999999 0.000000 0.000000 0.000000 1.000000 0.000000 0.000000 0.000000 0.999999 3298.dat
1 14 -59.999600 -89.223700 70.000200 0.999999 0.000000 0.000000 0.000000 1.000000 0.000000 0.000000 0.000000 0.999999 3003.dat
1 7 -59.999600 -89.223700 40.000300 0.999999 0.000000 0.000000 0.000000 1.000000 0.000000 0.000000 0.000000 0.999999 3298.dat
1 0 50.000100 -113.223700 150.000100 0.000000 0.000000 -0.999999 0.000000 1.000000 0.000000 0.999999 0.000000 0.000000 3678a.dat
1 0 60.000200 -113.223700 60.000300 0.000000 0.000000 0.999999 0.000000 1.000000 0.000000 -0.999999 0.000000 0.000000 3002.dat
1 7 -49.999800 -121.223700 150.000100 0.000000 0.000003 -0.999999 -0.000001 1.000000 0.000003 0.999999 0.000001 0.000000 3023.dat
1 7 50.000100 -121.223700 150.000200 0.000000 0.000003 -0.999999 -0.000001 1.000000 0.000003 0.999999 0.000001 0.000000 3023.dat
1 7 -49.999600 -89.223700 -109.999600 0.000000 0.000000 -0.999999 0.000000 1.000000 0.000000 0.999999 0.000000 0.000000 2458.dat
1 7 50.000200 -89.223700 -109.999600 0.000000 0.000000 0.999999 0.000000 1.000000 0.000000 -0.999999 0.000000 0.000000 2458.dat
1 0 0.000400 -79.223710 -109.999600 1.000000 0.000000 0.000000 0.000000 0.707107 0.707107 0.000000 -0.707107 0.707107 2951.dat
1 42 -67.660900 -107.244100 -80.843280 -0.000002 1.000000 0.000001 -0.087156 -0.000001 0.996195 0.996195 0.000002 0.087156 4589.dat
1 42 68.429040 -107.244200 -80.843080 0.000000 -1.000000 0.000000 0.707106 0.000000 0.707110 -0.707107 0.000000 0.707104 4589.dat
1 8 0.000300 -145.223700 50.000110 1.000000 0.000000 0.000000 0.000000 1.000000 0.000000 0.000000 0.000000 1.000000 30299.dat
1 7 50.000300 -153.223700 160.000100 0.000000 0.000000 -0.999999 0.000000 1.000000 0.000000 0.999999 0.000000 0.000000 4085b.dat
1 7 -49.999600 -153.223700 160.000100 0.000000 0.000000 0.999999 0.000000 1.000000 0.000000 -0.999999 0.000000 0.000000 4085b.dat
1 7 0.000300 -129.223700 40.000300 -0.999999 -0.000001 0.000000 -0.000001 1.000000 0.000003 0.000000 0.000003 -0.999999 3023.dat
1 0 0.000300 -153.223700 60.000200 0.999999 -0.000001 0.000000 0.000001 1.000000 -0.000003 0.000000 0.000003 0.999999 2432.dat
1 14 0.000300 -177.223700 160.000100 0.999999 0.000000 0.000000 0.000000 1.000000 0.000000 0.000000 0.000000 0.999999 6140.dat
1 7 0.000300 -169.223700 90.000200 0.999999 0.000000 0.000000 0.000000 1.000000 0.000000 0.000000 0.000000 0.999999 3007.dat
1 14 0.000300 -193.223700 90.000200 0.999999 0.000000 0.000000 0.000000 1.000000 0.000000 0.000000 0.000000 0.999999 2456.dat
1 14 90.000200 -169.223700 70.000200 0.000000 0.000000 -0.999999 0.000000 1.000000 0.000000 0.999999 0.000000 0.000000 2540.dat
1 14 -89.999610 -169.223700 70.000300 0.000000 0.000000 0.999999 0.000000 1.000000 0.000000 -0.999999 0.000000 0.000000 2540.dat
1 7 -123.680200 -129.635900 74.310300 0.939694 0.000000 -0.342015 0.342016 0.000000 0.939695 0.000000 -0.999999 0.000000 4735.dat
1 8 -123.680400 -129.635900 58.310300 0.939695 0.000000 -0.342015 0.342016 0.000000 0.939695 0.000000 -0.999999 0.000000 4740.dat
1 42 123.681000 -129.636000 50.980400 -0.939692 0.000001 -0.342021 0.342022 0.000003 -0.939692 0.000000 -0.999999 -0.000003 6141.dat
1 7 123.681000 -129.636000 74.980300 0.939692 0.000000 0.342021 -0.342022 0.000000 0.939692 0.000000 -0.999999 0.000000 4735.dat
1 8 123.681000 -129.636000 58.980400 0.939692 0.000000 0.342021 -0.342022 0.000000 0.939692 0.000000 -0.999999 0.000000 4740.dat
1 42 -123.679900 -129.635800 50.430400 -0.939694 -0.000002 0.342015 -0.342016 0.000003 -0.939695 0.000001 -0.999999 -0.000003 6141.dat
1 8 -39.999700 -217.223700 100.000200 0.999999 0.000000 0.000000 0.000000 1.000000 0.000000 0.000000 0.000000 0.999999 76385.dat
1 8 40.000300 -217.223700 100.000200 -0.999999 0.000000 0.000000 0.000000 1.000000 0.000000 0.000000 0.000000 -0.999999 76385.dat
1 6 0.000300 -233.223700 80.000200 0.999999 0.000000 0.000000 0.000000 1.000000 0.000000 0.000000 0.000000 0.999999 30298.dat
1 0 -119.999600 -55.223700 110.000200 0.000000 0.000000 0.999999 0.000000 1.000000 0.000000 -0.999999 0.000000 0.000000 30324.dat
1 0 120.000200 -55.223700 110.000200 0.000000 0.000000 -0.999999 0.000000 1.000000 0.000000 0.999999 0.000000 0.000000 30324.dat
1 0 120.000000 -55.223700 -9.999900 0.000000 0.000000 -1.000000 0.000000 1.000000 0.000000 1.000000 0.000000 0.000000 30324.dat
1 3 0.000300 -145.223700 -19.999600 -1.000000 0.000000 0.000000 0.000000 1.000000 0.000000 0.000000 0.000000 -1.000000 3039px15.dat
1 0 50.000200 -65.223710 200.000100 -1.000000 0.000000 0.000000 0.000000 1.000000 -0.000002 0.000000 -0.000003 -1.000000 3040a.dat
1 0 -49.999790 -65.223690 200.000000 -1.000000 0.000000 0.000000 0.000000 1.000000 -0.000002 0.000000 -0.000003 -1.000000 3040a.dat
1 7 50.000380 -89.223720 190.000300 0.000000 0.000000 1.000000 -0.000002 1.000000 0.000000 -1.000000 -0.000003 0.000000 3700.dat
1 7 -49.999800 -89.223700 190.000200 0.000000 0.000000 1.000000 -0.000002 1.000000 0.000000 -1.000000 -0.000003 0.000000 3700.dat
1 0 40.000310 -79.223560 190.000200 1.000000 0.000000 0.000000 0.000000 -0.939692 -0.342022 0.000000 0.342022 -0.939692 2780.dat
1 7 0.000370 -66.996260 215.030000 -1.000000 0.000000 0.000000 0.000000 -0.087154 -0.996193 0.000000 -0.996197 0.087155 3023.dat
1 38 10.000330 -86.919460 216.772900 -1.000000 0.000000 0.000000 0.000000 -0.087154 -0.996195 0.000000 -0.996195 0.087154 6141.dat
1 8 0.000330 -64.903860 238.938500 1.000000 0.000000 0.000000 0.000000 -0.087154 0.996195 0.000000 -0.996195 -0.087154 3039.dat
1 0 0.000260 -62.114260 270.815100 1.000000 0.000000 0.000000 0.000000 -0.087153 0.996188 0.000000 -0.996190 -0.087154 2432.dat
1 4 34.411920 -112.223800 190.000500 0.000001 0.866025 0.500004 -0.000002 0.500002 -0.866023 -1.000001 -0.000001 0.000002 4623.dat
1 4 -34.411460 -112.223800 190.000100 -0.000001 -0.866023 -0.500004 0.000003 0.500004 -0.866023 1.000000 -0.000002 0.000002 3023.dat
1 0 -6.698710 -128.223900 190.000200 0.000001 -0.866023 0.500004 -0.000002 0.500004 0.866023 -1.000000 -0.000002 -0.000001 2432.dat
1 0 50.000360 -113.223800 189.999900 0.000000 0.000000 0.999998 -0.000002 1.000000 0.000000 -0.999999 -0.000003 0.000000 3937.dat
1 7 41.340090 -108.223800 190.000500 0.000000 0.866026 0.500004 -0.000003 0.500002 -0.866025 -1.000002 -0.000001 0.000002 3938.dat
1 0 -49.999820 -113.223700 190.000200 0.000000 0.000000 -1.000001 0.000002 1.000000 0.000000 1.000001 -0.000003 0.000000 3937.dat
1 7 -41.339640 -108.223800 190.000100 -0.000001 -0.866027 -0.500005 0.000002 0.500002 -0.866024 1.000003 -0.000002 0.000003 3938.dat
1 0 6.699160 -128.223900 190.000500 -0.000002 0.866025 -0.500003 0.000003 0.500001 0.866023 1.000001 -0.000001 -0.000004 2432.dat
1 3 -49.999600 -97.223690 -89.999620 0.000000 0.000000 1.000000 0.000000 1.000000 0.000000 -1.000000 0.000000 0.000000 2412b.dat
1 3 50.000200 -97.223690 -89.999610 0.000000 0.000000 1.000000 0.000000 1.000000 0.000000 -1.000000 0.000000 0.000000 2412b.dat
1 7 20.000320 -78.352040 199.962200 1.000000 -0.000001 0.000000 0.000000 -0.087154 0.996193 -0.000001 -0.996195 -0.087155 2444.dat
1 14 0.000230 -77.654910 207.931700 1.000000 -0.000001 0.000000 0.000000 -0.087155 0.996195 -0.000001 -0.996195 -0.087155 3020.dat
1 7 -19.999790 -78.352150 199.962100 -1.000000 -0.000001 0.000000 0.000000 -0.087155 -0.996195 0.000001 -0.996195 0.087155 2444.dat
1 3 50.000200 -225.223700 110.000200 0.000000 0.000000 1.000000 0.000000 1.000000 0.000000 -1.000000 0.000000 0.000000 2412b.dat
1 3 -49.999720 -225.223700 110.000200 0.000000 0.000000 1.000000 0.000000 1.000000 0.000000 -1.000000 0.000000 0.000000 2412b.dat
1 7 50.000200 -217.223700 120.000200 -1.000000 0.000000 0.000000 0.000000 1.000000 0.000000 0.000000 0.000000 -1.000000 4460a.dat
1 7 -49.999730 -217.223700 120.000200 -1.000000 0.000000 0.000000 0.000000 1.000000 0.000000 0.000000 0.000000 -1.000000 4460a.dat
1 3 0.000300 -129.223700 20.000100 -1.000000 0.000000 0.000000 0.000000 1.000000 0.000000 0.000000 0.000000 -1.000000 2412b.dat
1 3 -47.910880 -107.244200 -80.843100 0.000000 -0.999998 0.000000 1.000000 0.000000 0.000001 0.000000 0.000000 0.999998 4095.dat
1 0 50.000230 -89.223700 -79.999560 0.000000 0.000000 -1.000000 0.000000 1.000000 0.000000 1.000000 0.000000 0.000000 3040b.dat
1 0 -49.999620 -89.223700 -79.999580 0.000000 0.000000 1.000000 0.000000 1.000000 0.000000 -1.000000 0.000000 0.000000 3040b.dat
0 NOFILE
0 FILE 30104.dat Copy 13
0 Chain, 21 Links
0 Name:  30104
0 Author:  Matt Schild [mschild]
0 FlexibleBrick:  30104.dat
0 FlexibleBrickControlPointUnitLength -1
0 FlexibleBrickLockedControlPoint 
1 6 -49.737520 29.309440 342.593500 -1.000000 0.000000 0.000000 0.000000 0.984806 -0.173651 0.000000 -0.173651 -0.984807 208.dat
1 6 -44.253780 38.733350 319.121600 0.444332 0.398816 0.802194 -0.667963 0.744195 0.000000 -0.596988 -0.535836 0.597064 209.dat
1 6 -40.356980 50.966150 314.198400 0.784098 0.283403 -0.552153 0.000000 0.889656 0.456632 0.620637 -0.358044 0.697578 209.dat
1 6 -39.694390 64.669780 313.284800 0.585092 0.048188 0.809534 -0.082082 0.996626 0.000000 -0.806802 -0.066448 0.587073 209.dat
1 6 -41.783980 78.183090 314.729800 -0.568775 -0.151970 0.808331 0.000000 0.982782 0.184767 -0.822493 0.105091 -0.558982 209.dat
1 6 -45.133060 91.415630 316.387400 -0.862499 -0.243568 -0.443589 -0.271769 0.962363 0.000000 0.426893 0.120554 -0.896231 209.dat
1 6 -48.900500 104.589000 317.542500 -0.293129 -0.273995 0.915971 0.000000 0.958055 0.286583 -0.956073 0.084006 -0.280834 209.dat
1 6 -52.658760 117.801200 318.158200 -0.948239 -0.273325 -0.161669 -0.276969 0.960879 0.000000 0.155344 0.044777 -0.986845 209.dat
1 6 -56.179620 131.092000 318.310700 -0.043280 -0.256061 0.965691 0.000000 0.966597 0.256301 -0.999063 0.011093 -0.041834 209.dat
1 6 -59.339940 144.471800 318.066700 -0.970178 -0.229839 0.076994 -0.230523 0.973067 0.000000 -0.074920 -0.017749 -0.997032 209.dat
1 6 -62.076760 157.933700 317.471100 0.212621 -0.199038 0.956648 0.000000 0.979034 0.203695 -0.977135 -0.043310 0.208164 209.dat
1 6 -64.356910 171.462400 316.551900 -0.912520 -0.165827 0.373909 -0.178796 0.983886 0.000000 -0.367884 -0.066853 -0.927465 209.dat
1 6 -66.165120 185.038700 315.333600 0.558773 -0.131504 0.818828 0.000000 0.987348 0.158568 -0.829321 -0.088604 0.551704 209.dat
1 6 -67.503560 198.642200 313.842100 -0.660773 -0.097339 0.744247 -0.145738 0.989323 0.000000 -0.736301 -0.108465 -0.667904 209.dat
1 6 -68.386360 212.253600 312.103500 0.891643 -0.064202 0.448164 0.000000 0.989894 0.141808 -0.452739 -0.126442 0.882632 209.dat
1 6 -68.841790 225.856000 310.144100 -0.223957 -0.033121 0.974036 -0.146300 0.989240 0.000000 -0.963556 -0.142501 -0.226393 209.dat
1 6 -68.908820 239.437100 307.994200 0.999514 -0.004874 0.030778 0.000000 0.987690 0.156424 -0.031161 -0.156348 0.987211 209.dat
1 6 -68.636530 252.989900 305.687100 0.115520 0.019802 0.993108 -0.168953 0.985624 0.000000 -0.978831 -0.167788 0.117204 209.dat
1 6 -68.081490 266.512200 303.255400 0.974926 0.040365 -0.218839 0.000000 0.983411 0.181391 0.222531 -0.176843 0.958753 209.dat
1 6 -67.309960 280.006300 300.727300 0.286453 0.056110 0.956450 -0.192224 0.981351 0.000000 -0.938613 -0.183853 0.291897 209.dat
1 6 -66.391820 293.479100 298.134600 0.942644 0.066770 -0.327054 0.000000 0.979790 0.200030 0.333800 -0.188557 0.923593 209.dat
1 6 -65.398320 306.937800 295.497300 0.345046 0.072252 0.935801 -0.204952 0.978772 0.000000 -0.915936 -0.191794 0.352529 209.dat
1 6 -67.398260 322.937800 295.497100 0.000000 1.000000 -0.000003 -0.000003 -0.000003 -1.000000 -1.000000 0.000000 0.000003 208.dat
0 NOFILE
