0 Untitled Model
0 Name:  miner
0 Author:  
0 CustomBrick
0 FlexibleBrickControlPointUnitLength -1
0 FlexibleBrickLockedControlPoint 
0 NumOfBricks:  10
1 0 -20.000000 -56.000000 10.000000 1.000000 0.000000 0.000000 0.000000 1.000000 0.000000 0.000000 0.000000 1.000000 3833.dat
1 25 -20.000000 -32.000000 10.000000 1.000000 0.000000 0.000000 0.000000 1.000000 0.000000 0.000000 0.000000 1.000000 973paj.dat
1 25 -4.528200 -23.124320 10.000000 0.985328 0.170671 0.000000 -0.170671 0.985328 0.000000 0.000000 0.000000 1.000000 3819.dat
1 25 -35.574620 -23.092830 10.000000 0.985495 -0.169703 0.000000 0.169703 0.985495 0.000000 0.000000 0.000000 1.000000 3818.dat
1 14 -43.726460 -5.216940 0.500000 0.991565 0.048984 0.119998 0.048984 0.715542 -0.696850 -0.119998 0.696850 0.707107 3820.dat
1 14 3.641180 -5.256440 0.000000 0.991469 -0.049255 -0.120682 -0.049255 0.715638 -0.696732 0.120682 0.696732 0.707107 3820.dat
1 14 -20.000000 -56.000000 10.000000 1.000000 0.000000 0.000000 0.000000 1.000000 0.000000 0.000000 0.000000 1.000000 3626bp3r.dat
1 25 -20.000000 0.000000 10.000000 1.000000 0.000000 0.000000 0.000000 1.000000 0.000000 0.000000 0.000000 1.000000 3815b.dat
1 25 -20.000000 12.000000 10.000000 1.000000 0.000000 0.000000 0.000000 1.000000 0.000000 0.000000 0.000000 1.000000 3817c.dat
1 25 -20.000000 12.000000 10.000000 1.000000 0.000000 0.000000 0.000000 1.000000 0.000000 0.000000 0.000000 1.000000 3816c.dat
