0 FILE OreRefinery.io
0 Untitled Model
0 Name:  OreRefinery
0 Author:  Simon Eriksson
0 CustomBrick
0 FlexibleBrickControlPointUnitLength -1
0 FlexibleBrickLockedControlPoint 
0 NumOfBricks:  87
1 0 -40.000000 -72.000000 -170.000000 -1.000000 0.000000 0.000000 0.000000 1.000000 0.000000 0.000000 0.000000 -1.000000 3678a.dat
1 8 100.000000 -56.000000 -10.000000 1.000000 0.000000 0.000000 0.000000 1.000000 0.000000 0.000000 0.000000 1.000000 3039.dat
1 7 -100.000000 -56.000000 90.000000 -1.000000 0.000000 0.000000 0.000000 1.000000 0.000000 0.000000 0.000000 -1.000000 3298.dat
1 7 100.000000 -56.000000 90.000000 -1.000000 0.000000 0.000000 0.000000 1.000000 0.000000 0.000000 0.000000 -1.000000 3298.dat
1 8 -100.000000 -56.000000 -10.000000 1.000000 0.000000 0.000000 0.000000 1.000000 0.000000 0.000000 0.000000 1.000000 3039.dat
1 0 40.000000 -72.000000 -170.000000 -1.000000 0.000000 0.000000 0.000000 1.000000 0.000000 0.000000 0.000000 -1.000000 3678a.dat
1 0 40.000000 -72.000000 -310.000000 1.000000 0.000000 0.000000 0.000000 1.000000 0.000000 0.000000 0.000000 1.000000 3678a.dat
1 0 -40.000000 -72.000000 -310.000000 1.000000 0.000000 0.000000 0.000000 1.000000 0.000000 0.000000 0.000000 1.000000 3678a.dat
1 7 0.000000 -64.000000 40.000000 1.000000 0.000000 0.000000 0.000000 1.000000 0.000000 0.000000 0.000000 1.000000 3028.dat
1 7 -80.000000 -88.000000 60.000000 0.000000 0.000000 1.000000 0.000000 1.000000 0.000000 -1.000000 0.000000 0.000000 3001.dat
1 7 80.000000 -88.000000 60.000000 0.000000 0.000000 1.000000 0.000000 1.000000 0.000000 -1.000000 0.000000 0.000000 3001.dat
1 0 -80.000000 -112.000000 70.000000 0.000000 0.000000 1.000000 0.000000 1.000000 0.000000 -1.000000 0.000000 0.000000 3002.dat
1 0 80.000000 -112.000000 70.000000 0.000000 0.000000 1.000000 0.000000 1.000000 0.000000 -1.000000 0.000000 0.000000 3002.dat
1 14 0.000000 -72.000000 10.000000 1.000000 0.000000 0.000000 0.000000 1.000000 0.000000 0.000000 0.000000 1.000000 2431p52.dat
1 38 -50.000000 -72.000000 10.000000 1.000000 0.000000 0.000000 0.000000 1.000000 0.000000 0.000000 0.000000 1.000000 6141.dat
1 38 50.000000 -72.000000 10.000000 1.000000 0.000000 0.000000 0.000000 1.000000 0.000000 0.000000 0.000000 1.000000 6141.dat
1 3 -40.000000 -88.000000 -10.000000 -1.000000 0.000000 0.000000 0.000000 1.000000 0.000000 0.000000 0.000000 -1.000000 4865a.dat
1 3 0.000000 -88.000000 -10.000000 -1.000000 0.000000 0.000000 0.000000 1.000000 0.000000 0.000000 0.000000 -1.000000 4865a.dat
1 3 40.000000 -88.000000 -10.000000 -1.000000 0.000000 0.000000 0.000000 1.000000 0.000000 0.000000 0.000000 -1.000000 4865a.dat
1 8 -80.000000 -88.000000 0.000000 1.000000 0.000000 0.000000 0.000000 1.000000 0.000000 0.000000 0.000000 1.000000 3003.dat
1 8 80.000000 -88.000000 0.000000 1.000000 0.000000 0.000000 0.000000 1.000000 0.000000 0.000000 0.000000 1.000000 3003.dat
1 7 -80.000000 -112.000000 30.000000 1.000000 0.000000 0.000000 0.000000 1.000000 0.000000 0.000000 0.000000 1.000000 3298.dat
1 7 80.000000 -112.000000 30.000000 1.000000 0.000000 0.000000 0.000000 1.000000 0.000000 0.000000 0.000000 1.000000 3298.dat
1 0 70.000000 -136.000000 40.000000 0.000000 0.000000 -1.000000 0.000000 1.000000 0.000000 1.000000 0.000000 0.000000 30236.dat
1 0 -70.000000 -136.000000 40.000000 0.000000 0.000000 1.000000 0.000000 1.000000 0.000000 -1.000000 0.000000 0.000000 30236.dat
1 8 0.000000 -144.000000 60.000000 1.000000 0.000000 0.000000 0.000000 1.000000 0.000000 0.000000 0.000000 1.000000 3034.dat
1 38 -50.000000 -152.000000 70.000000 1.000000 0.000000 0.000000 0.000000 1.000000 0.000000 0.000000 0.000000 1.000000 6141.dat
1 38 50.000000 -152.000000 70.000000 1.000000 0.000000 0.000000 0.000000 1.000000 0.000000 0.000000 0.000000 1.000000 6141.dat
1 14 -40.000000 -80.000000 -240.000000 0.000000 0.000000 1.000000 0.000000 1.000000 0.000000 -1.000000 0.000000 0.000000 3034.dat
1 14 40.000000 -80.000000 -240.000000 0.000000 0.000000 1.000000 0.000000 1.000000 0.000000 -1.000000 0.000000 0.000000 3034.dat
1 7 124.641000 -146.000000 44.730000 -0.500000 0.000000 0.866026 -0.866026 0.000000 -0.500000 0.000000 -1.000000 0.000000 4735.dat
1 42 124.641000 -146.000000 20.730000 -0.500000 0.000000 0.866026 -0.866026 0.000000 -0.500000 0.000000 -1.000000 0.000000 6141.dat
1 8 124.641000 -146.000000 28.730000 -0.500000 0.000000 0.866026 -0.866026 0.000000 -0.500000 0.000000 -1.000000 0.000000 4740.dat
1 7 -124.641100 -146.000000 43.580000 -0.499999 0.000000 -0.866026 0.866026 0.000000 -0.499999 0.000000 -1.000000 0.000000 4735.dat
1 42 -124.641100 -145.999900 19.580000 -0.499999 0.000000 -0.866026 0.866026 0.000000 -0.499999 0.000000 -1.000000 0.000000 6141.dat
1 8 -124.641100 -145.999900 27.580000 -0.499999 0.000000 -0.866026 0.866026 0.000000 -0.499999 0.000000 -1.000000 0.000000 4740.dat
1 42 110.000000 -72.000000 -10.000000 1.000000 0.000000 0.000000 0.000000 1.000000 0.000000 0.000000 0.000000 1.000000 2569.dat
1 14 40.000000 -88.000000 -290.000000 -1.000000 0.000000 0.000000 0.000000 1.000000 0.000000 0.000000 0.000000 -1.000000 3069bp12.dat
1 14 40.000000 -88.000000 -190.000000 -1.000000 0.000000 0.000000 0.000000 1.000000 0.000000 0.000000 0.000000 -1.000000 3069bp12.dat
1 0 0.000000 -144.000000 30.000000 1.000000 0.000000 0.000000 0.000000 1.000000 0.000000 0.000000 0.000000 1.000000 4162.dat
1 3 40.000000 -88.000000 -170.000000 1.000000 0.000000 0.000000 0.000000 1.000000 0.000000 0.000000 0.000000 1.000000 2412b.dat
1 3 -40.000000 -88.000000 -170.000000 1.000000 0.000000 0.000000 0.000000 1.000000 0.000000 0.000000 0.000000 1.000000 2412b.dat
1 3 -40.000000 -88.000000 -310.000000 1.000000 0.000000 0.000000 0.000000 1.000000 0.000000 0.000000 0.000000 1.000000 2412b.dat
1 3 40.000000 -88.000000 -310.000000 1.000000 0.000000 0.000000 0.000000 1.000000 0.000000 0.000000 0.000000 1.000000 2412b.dat
1 3 -40.000000 -72.000000 40.000000 1.000000 0.000000 0.000000 0.000000 1.000000 0.000000 0.000000 0.000000 1.000000 3068b.dat
1 3 40.000000 -72.000000 40.000000 1.000000 0.000000 0.000000 0.000000 1.000000 0.000000 0.000000 0.000000 1.000000 3068b.dat
1 14 10.000000 -72.000000 40.000000 0.000000 0.000000 -1.000000 0.000000 1.000000 0.000000 1.000000 0.000000 0.000000 2412b.dat
1 14 -10.000000 -72.000000 40.000000 0.000000 0.000000 -1.000000 0.000000 1.000000 0.000000 1.000000 0.000000 0.000000 2412b.dat
1 14 70.000000 -136.000000 70.000000 -1.000000 0.000000 0.000000 0.000000 1.000000 0.000000 0.000000 0.000000 -1.000000 3040b.dat
1 14 -70.000000 -136.000000 70.000000 -1.000000 0.000000 0.000000 0.000000 1.000000 0.000000 0.000000 0.000000 -1.000000 3040b.dat
1 3 -60.000000 -56.000000 90.000010 -1.000000 0.000000 0.000000 0.000000 1.000000 0.000000 0.000000 0.000000 -1.000000 3298px1.dat
1 3 60.000000 -56.000000 90.000000 -1.000000 0.000000 0.000000 0.000000 1.000000 0.000000 0.000000 0.000000 -1.000000 3298px1.dat
1 7 40.000000 -88.000000 -220.000000 1.000000 0.000000 0.000000 0.000000 1.000000 0.000000 0.000000 0.000000 1.000000 3068b.dat
1 7 40.000000 -88.000000 -260.000000 1.000000 0.000000 0.000000 0.000000 1.000000 0.000000 0.000000 0.000000 1.000000 3068b.dat
1 7 0.000000 -24.000000 -170.000000 1.000000 0.000000 0.000000 0.000000 1.000000 0.000000 0.000000 0.000000 1.000000 3009.dat
1 8 0.000000 -24.000000 -260.000000 1.000000 0.000000 0.000000 0.000000 1.000000 0.000000 0.000000 0.000000 1.000000 4201.dat
1 8 -99.999980 -24.000000 0.000000 0.000000 0.000000 1.000000 0.000000 1.000000 0.000000 -1.000000 0.000000 0.000000 4204.dat
1 7 0.000010 -32.000000 0.000010 -1.000000 0.000000 0.000000 0.000000 1.000000 0.000000 0.000000 0.000000 -1.000000 3028.dat
1 7 -0.000010 -32.000000 99.999980 -1.000000 0.000000 0.000000 0.000000 1.000000 0.000000 0.000000 0.000000 -1.000000 3029.dat
1 8 60.000000 -24.000000 0.000000 0.000000 0.000000 1.000000 0.000000 1.000000 0.000000 -1.000000 0.000000 0.000000 4204.dat
1 14 -0.000010 -32.000000 -140.000000 0.000000 0.000000 1.000000 0.000000 1.000000 0.000000 -1.000000 0.000000 0.000000 3034.dat
1 7 40.000000 -136.000000 70.000000 -1.000000 0.000000 0.000000 0.000000 1.000000 0.000000 0.000000 0.000000 -1.000000 3684.dat
1 3 0.000000 -136.000000 70.000000 -1.000000 0.000000 0.000000 0.000000 1.000000 0.000000 0.000000 0.000000 -1.000000 3684.dat
1 7 -40.000000 -136.000000 70.000000 -1.000000 0.000000 0.000000 0.000000 1.000000 0.000000 0.000000 0.000000 -1.000000 3684.dat
1 16 3.783770 -84.000000 -150.100500 1.000000 0.000000 0.000000 0.000000 1.000000 0.000000 0.000000 0.000000 1.000000 tray
0 STEP
1 7 -39.989580 -88.000000 -240.010600 1.000001 0.000000 0.001042 0.000000 1.000000 0.000000 -0.001043 0.000000 0.999999 2460.dat
1 16 -22.139560 -92.000000 -199.006200 0.899106 0.000000 0.437732 0.000000 1.000000 0.000000 -0.437731 0.000000 0.899102 beam
1 7 -39.990400 -88.000000 -200.009600 1.000000 0.000000 0.001042 0.000000 1.000000 0.000000 -0.001043 0.000000 0.999999 2460.dat
1 16 -22.139540 -92.000000 -159.006200 0.899115 0.000000 0.437735 0.000000 1.000000 0.000000 -0.437729 0.000000 0.899098 beam
1 7 -39.989550 -88.000000 -280.010600 1.000000 0.000000 0.001042 0.000000 1.000000 0.000000 -0.001043 0.000000 0.999999 2460.dat
1 16 -22.139390 -92.000000 -239.006200 0.899108 0.000000 0.437732 0.000000 1.000000 0.000000 -0.437731 0.000000 0.899102 beam
1 14 -130.000100 -222.000000 69.999800 0.000000 -1.000000 0.000000 1.000000 0.000000 0.000000 0.000000 0.000000 1.000000 73590c02b.dat copy 2
1 14 69.999800 -222.000100 130.000100 0.000000 0.000000 1.000000 1.000000 0.000000 0.000000 0.000000 1.000000 0.000000 73590c02b.dat copy 4
0 STEP
0 NOFILE
0 FILE Tray
0 Tray
0 Name:  Tray
0 Author:  
0 CustomBrick
0 FlexibleBrickControlPointUnitLength -1
0 FlexibleBrickLockedControlPoint 
0 NumOfBricks:  12
1 0 0.000000 -40.000000 0.000000 0.000000 0.000000 1.000000 0.000000 1.000000 0.000000 -1.000000 0.000000 0.000000 3032.dat
1 14 -30.000000 -48.000000 -20.000000 0.000000 0.000000 1.000000 0.000000 1.000000 0.000000 -1.000000 0.000000 0.000000 2431p52.dat
1 14 30.000000 -48.000000 -20.000000 0.000000 0.000000 1.000000 0.000000 1.000000 0.000000 -1.000000 0.000000 0.000000 2431p52.dat
1 0 0.000000 -64.000000 50.000000 -1.000000 0.000000 0.000000 0.000000 1.000000 0.000000 0.000000 0.000000 -1.000000 3937.dat
1 3 0.000000 -64.000000 10.000000 1.000000 0.000000 0.000000 0.000000 1.000000 0.000000 0.000000 0.000000 1.000000 4865a.dat
1 383 0.000000 -48.000000 -50.000000 1.000000 0.000000 0.000000 0.000000 1.000000 0.000000 0.000000 0.000000 1.000000 2412b.dat
1 14 0.000000 -32.000000 -40.000000 1.000000 0.000000 0.000000 0.000000 1.000000 0.000000 0.000000 0.000000 1.000000 2476a.dat
1 0 0.000000 -48.000000 -20.000000 1.000000 0.000000 0.000000 0.000000 1.000000 0.000000 0.000000 0.000000 1.000000 3068px1.dat
1 16 0.000000 -48.000000 60.000000 1.000000 0.000000 0.000000 0.000000 1.000000 0.000000 0.000000 0.000000 1.000000 tipper bed
1 14 -0.000170 -32.000000 -0.000270 0.999992 0.000000 0.000001 0.000000 1.000000 0.000000 -0.000001 0.000000 1.000004 2476a.dat
1 14 0.000000 -32.000000 39.999820 1.000000 0.000000 0.000000 0.000000 1.000000 0.000000 0.000000 0.000000 1.000000 2476a.dat
0 NOFILE
0 FILE Tipper bed
0 Tipper bed
0 Name:  Tipper bed
0 Author:  
0 CustomBrick
0 FlexibleBrickControlPointUnitLength -1
0 FlexibleBrickLockedControlPoint 
0 NumOfBricks:  2
1 3 0.000000 -16.000000 -10.000000 1.000000 0.000000 0.000000 0.000000 1.000000 0.000000 0.000000 0.000000 1.000000 6134.dat
1 7 0.000000 -24.000000 20.000000 1.000000 0.000000 0.000000 0.000000 1.000000 0.000000 0.000000 0.000000 1.000000 2512.dat
0 NOFILE
0 FILE Beam
0 Beam
0 Name:  Beam
0 Author:  
0 CustomBrick
0 FlexibleBrickControlPointUnitLength -1
0 FlexibleBrickLockedControlPoint 
0 NumOfBricks:  2
1 14 1.899970 -11.000000 5.318960 0.999999 0.000000 0.000000 0.000000 1.000000 0.000000 0.000000 0.000000 0.999999 32063.dat
1 14 1.899960 -1.000000 5.318990 1.000000 0.000000 0.000000 0.000000 1.000000 0.000000 0.000000 0.000000 1.000000 32063.dat
0 NOFILE
0 FILE 73590c02b.dat Copy 2
0 Hose, Flexible 8.5L with Tabbed Ends Black (Ends different color than Tube)
0 Name:  73590c02b
0 Author:  Thom Kok [thomkok23]
0 FlexibleBrick:  73590c02b.dat
0 FlexibleBrickControlPointUnitLength -1
0 FlexibleBrickLockedControlPoint 
1 16 54.000000 -80.000100 0.000200 0.000000 1.000000 0.000000 -1.000000 0.000000 0.000000 0.000000 0.000000 1.000000 750.dat
1 16 94.000040 -40.000120 20.000200 0.000000 1.000000 0.000000 -1.000000 0.000000 0.000000 0.000000 0.000000 1.000000 750.dat
1 16 54.000000 -80.000100 0.000200 0.000000 -1.000000 0.000000 1.000000 0.000000 0.000000 0.000000 0.000000 1.000000 755.dat
1 16 94.000040 -40.000120 20.000200 0.000000 -1.000000 0.000000 1.000000 0.000000 0.000000 0.000000 0.000000 1.000000 755.dat
1 16 48.553420 -80.004660 -0.004570 -0.010395 0.999899 -0.009666 0.000000 0.009667 0.999953 0.999946 0.010395 -0.000100 754.dat
1 16 45.546880 -80.009150 -0.022790 -0.006066 0.999981 -0.001323 0.000000 0.001324 0.999999 0.999981 0.006067 -0.000008 754.dat
1 16 42.540440 -79.989130 -0.042510 -0.006444 0.999952 0.007319 0.000000 -0.007319 0.999973 0.999979 0.006444 0.000047 754.dat
1 16 39.534790 -79.917970 -0.049690 -0.001912 0.999681 0.025197 0.000000 -0.025197 0.999682 0.999998 0.001911 0.000048 754.dat
1 16 36.532180 -79.768680 -0.030220 0.007511 0.998597 0.052416 0.000000 -0.052418 0.998625 0.999972 -0.007500 -0.000394 754.dat
1 16 33.537400 -79.513960 0.030110 0.021921 0.995784 0.089070 0.000000 -0.089091 0.996023 0.999760 -0.021834 -0.001953 754.dat
1 16 30.558780 -79.126280 0.145590 0.041491 0.989953 0.135171 0.000000 -0.135287 0.990806 0.999139 -0.041110 -0.005613 754.dat
1 16 27.609200 -78.578530 0.330400 0.066504 0.979448 0.190418 0.000000 -0.190840 0.981621 0.997786 -0.065282 -0.012692 754.dat
1 16 24.707160 -77.844640 0.598290 0.097408 0.962254 0.254121 0.000000 -0.255335 0.966852 0.995244 -0.094179 -0.024871 754.dat
1 16 21.877500 -76.900890 0.962050 0.134894 0.936088 0.324872 0.000000 -0.327868 0.944723 0.990860 -0.127437 -0.044227 754.dat
1 16 19.151940 -75.727400 1.432860 0.180014 0.898510 0.400343 0.000000 -0.406991 0.913432 0.983664 -0.164431 -0.073264 754.dat
1 16 16.568990 -74.309960 2.019370 0.234346 0.847145 0.476893 0.000000 -0.490553 0.871411 0.972153 -0.204212 -0.114959 754.dat
1 16 14.173140 -72.642180 2.726760 0.300213 0.779968 0.549109 0.000000 -0.575663 0.817687 0.953872 -0.245480 -0.172822 754.dat
1 16 12.013220 -70.727290 3.555790 0.380928 0.695634 0.609087 0.000000 -0.658754 0.752358 0.924605 -0.286594 -0.250938 754.dat
1 16 10.139730 -68.579780 4.501940 0.480838 0.593810 0.645123 0.000000 -0.735762 0.677240 0.876809 -0.325643 -0.353783 754.dat
1 16 8.601490 -66.226100 5.555000 0.604275 0.475460 0.639367 0.000000 -0.802442 0.596730 0.796776 -0.360589 -0.484896 754.dat
1 16 7.441770 -63.704280 6.699090 0.750507 0.342943 0.564916 0.000000 -0.854815 0.518933 0.660863 -0.389462 -0.641544 754.dat
1 16 6.694500 -61.062300 7.913250 0.899068 0.199941 0.389487 0.000000 -0.889628 0.456685 0.437808 -0.410591 -0.799836 754.dat
1 16 6.381160 -58.355240 9.172740 0.992764 0.051141 0.108646 0.000000 -0.904776 0.425888 0.120081 -0.422806 -0.898229 754.dat
1 16 6.508900 -55.641540 10.450640 0.974367 -0.098258 -0.202373 0.000000 -0.899572 0.436771 -0.224965 -0.425575 -0.876513 754.dat
1 16 7.070100 -52.979020 11.719780 0.864970 -0.243128 -0.438993 0.000000 -0.874797 0.484489 -0.501823 -0.419069 -0.756673 754.dat
1 16 8.043550 -50.420820 12.954610 0.729425 -0.378948 -0.569506 0.000000 -0.832537 0.553969 -0.684061 -0.404079 -0.607273 754.dat
1 16 9.396890 -48.012550 14.132680 0.605285 -0.502226 -0.617576 0.000000 -0.775840 0.630929 -0.796009 -0.381892 -0.469604 754.dat
1 16 11.089820 -45.790140 15.235710 0.501600 -0.610688 -0.612746 0.000000 -0.708295 0.705916 -0.865100 -0.354088 -0.355281 754.dat
1 16 13.077560 -43.779090 16.250130 0.416658 -0.703302 -0.575988 0.000000 -0.633606 0.773656 -0.909063 -0.322350 -0.263996 756.dat
1 16 15.314120 -41.994640 17.167060 0.346633 -0.780118 -0.520827 0.000000 -0.555252 0.831682 -0.938001 -0.288289 -0.192469 754.dat
1 16 17.754970 -40.442850 17.981930 -0.288107 0.842032 -0.456045 0.000000 0.476239 0.879316 0.957598 0.253337 -0.137207 754.dat
1 16 20.358970 -39.122030 18.693910 -0.238472 0.890505 -0.387469 0.000000 0.398980 0.916959 0.971149 0.218670 -0.095146 754.dat
1 16 23.089600 -38.024520 19.305110 -0.195844 0.927304 -0.318985 0.000000 0.325285 0.945616 0.980635 0.185193 -0.063705 754.dat
1 16 25.915540 -37.138260 19.819880 -0.158863 0.954296 -0.253145 0.000000 0.256401 0.966570 0.987301 0.153552 -0.040733 754.dat
1 16 28.810700 -36.448260 20.244100 -0.126548 0.973291 -0.191546 0.000000 0.193098 0.981179 0.991960 0.124167 -0.024436 754.dat
1 16 31.753990 -35.937860 20.584610 -0.098184 0.985956 -0.135097 0.000000 0.135753 0.990743 0.995168 0.097275 -0.013329 754.dat
1 16 34.728810 -35.589660 20.848770 -0.073248 0.993749 -0.084248 0.000000 0.084475 0.996426 0.997314 0.072986 -0.006187 754.dat
1 16 37.722470 -35.386160 21.044130 -0.051328 0.997915 -0.039122 0.000000 0.039174 0.999232 0.998682 0.051289 -0.002010 754.dat
1 16 40.725570 -35.310280 21.178120 -0.032124 0.999484 0.000346 0.000000 -0.000346 1.000000 0.999484 0.032124 0.000011 754.dat
1 16 43.731450 -35.345560 21.257970 -0.015400 0.999291 0.034357 0.000000 -0.034361 0.999409 0.999881 0.015391 0.000529 754.dat
1 16 46.735680 -35.476320 21.290600 -0.000965 0.998003 0.063155 0.000000 -0.063155 0.998004 0.999999 0.000963 0.000061 754.dat
1 16 49.735530 -35.687740 21.282570 0.011329 0.996141 0.087029 0.000000 -0.087034 0.996205 0.999936 -0.011286 -0.000986 754.dat
1 16 52.729700 -35.965830 21.240080 0.021596 0.994106 0.106237 0.000000 -0.106261 0.994338 0.999767 -0.021474 -0.002295 754.dat
1 16 55.717940 -36.297320 21.169020 0.029927 0.992200 0.121013 0.000000 -0.121067 0.992644 0.999552 -0.029707 -0.003623 754.dat
1 16 58.700760 -36.669560 21.074950 0.036394 0.990642 0.131543 0.000000 -0.131630 0.991299 0.999337 -0.036077 -0.004790 754.dat
1 16 61.679290 -37.070360 20.963230 0.041047 0.989585 0.137969 0.000000 -0.138085 0.990420 0.999157 -0.040654 -0.005668 754.dat
1 16 64.655040 -37.487890 20.839020 0.043914 0.989127 0.140355 0.000000 -0.140490 0.990082 0.999035 -0.043479 -0.006169 754.dat
1 16 67.629770 -37.910460 20.707350 0.045016 0.989309 0.138711 0.000000 -0.138852 0.990313 0.998986 -0.044580 -0.006250 754.dat
1 16 70.605310 -38.326360 20.573220 0.044345 0.990124 0.132994 0.000000 -0.133125 0.991099 0.999016 -0.043950 -0.005903 754.dat
1 16 73.583480 -38.723720 20.441630 0.041893 0.991511 0.123086 0.000000 -0.123194 0.992383 0.999122 -0.041574 -0.005161 754.dat
1 16 76.565900 -39.090340 20.317660 0.037619 0.993350 0.108813 0.000000 -0.108890 0.994054 0.999292 -0.037395 -0.004096 754.dat
1 16 79.553810 -39.413490 20.206530 0.031478 0.995448 0.089955 0.000000 -0.089999 0.995942 0.999504 -0.031350 -0.002833 754.dat
1 16 82.547890 -39.679850 20.113660 0.023406 0.997529 0.066241 0.000000 -0.066259 0.997802 0.999726 -0.023355 -0.001551 754.dat
1 16 85.548020 -39.875350 20.044710 0.013210 0.999225 0.037078 0.000000 -0.037081 0.999312 0.999913 -0.013201 -0.000490 754.dat
1 16 88.552970 -39.985120 20.005620 0.012162 0.999359 0.033659 0.000000 -0.033661 0.999433 0.999926 -0.012155 -0.000409 754.dat
0 NOFILE
0 FILE 73590c02b.dat Copy 4
0 Hose, Flexible 8.5L with Tabbed Ends Black (Ends different color than Tube)
0 Name:  73590c02b
0 Author:  Thom Kok [thomkok23]
0 FlexibleBrick:  73590c02b.dat
0 FlexibleBrickControlPointUnitLength -1
0 FlexibleBrickLockedControlPoint 
1 16 54.000040 -60.000100 -19.999800 0.000000 1.000000 0.000000 -1.000000 0.000000 0.000000 0.000000 0.000000 1.000000 750.dat
1 16 94.000040 -40.000120 20.000200 0.000000 1.000000 0.000000 -1.000000 0.000000 0.000000 0.000000 0.000000 1.000000 750.dat
1 16 54.000040 -60.000100 -19.999800 0.000000 -1.000000 0.000000 1.000000 0.000000 0.000000 0.000000 0.000000 1.000000 755.dat
1 16 94.000040 -40.000120 20.000200 0.000000 -1.000000 0.000000 1.000000 0.000000 0.000000 0.000000 0.000000 1.000000 755.dat
1 16 48.553080 -60.002500 -20.004820 -0.010723 0.999929 -0.005075 0.000000 0.005075 0.999987 0.999942 0.010724 -0.000054 754.dat
1 16 45.546120 -60.005390 -20.014160 -0.002977 0.999995 -0.000884 0.000000 0.000884 0.999999 0.999995 0.002977 -0.000002 754.dat
1 16 42.539200 -59.996560 -20.005290 0.003490 0.999988 0.003264 0.000000 -0.003263 0.999995 0.999994 -0.003490 -0.000011 754.dat
1 16 39.532960 -59.962540 -19.953330 0.018605 0.999754 0.012065 0.000000 -0.012067 0.999927 0.999827 -0.018604 -0.000224 754.dat
1 16 36.529490 -59.889740 -19.832970 0.042489 0.998770 0.025565 0.000000 -0.025588 0.999672 0.999097 -0.042475 -0.001087 754.dat
1 16 33.533180 -59.764260 -19.618480 0.075337 0.996196 0.043794 0.000000 -0.043919 0.999035 0.997158 -0.075264 -0.003309 754.dat
1 16 30.551680 -59.572030 -19.283720 0.117371 0.990848 0.066659 0.000000 -0.067122 0.997745 0.993088 -0.117106 -0.007878 754.dat
1 16 27.596910 -59.298980 -18.802470 0.168772 0.981180 0.093823 0.000000 -0.095188 0.995459 0.985655 -0.168005 -0.016065 754.dat
1 16 24.686090 -58.931390 -18.149130 0.229615 0.965279 0.124556 0.000000 -0.127975 0.991777 0.973282 -0.227727 -0.029385 754.dat
1 16 21.842610 -58.456460 -17.299610 0.299772 0.940915 0.157528 0.000000 -0.165122 0.986273 0.954011 -0.295657 -0.049499 754.dat
1 16 19.096740 -57.863020 -16.232780 0.378794 0.905632 0.190645 0.000000 -0.205996 0.978553 0.925481 -0.370670 -0.078030 754.dat
1 16 16.485850 -57.142620 -14.932200 0.465709 0.856933 0.220864 0.000000 -0.249582 0.968354 0.884938 -0.450971 -0.116232 754.dat
1 16 14.053920 -56.290500 -13.388210 0.558791 0.792537 0.244207 0.000000 -0.294470 0.955660 0.829308 -0.534015 -0.164547 754.dat
1 16 11.850240 -55.306890 -11.600030 0.655252 0.710727 0.255953 0.000000 -0.338826 0.940849 0.755411 -0.616493 -0.222017 754.dat
1 16 9.927020 -54.197920 -9.577710 0.750918 0.610726 0.251267 0.000000 -0.380480 0.924789 0.660395 -0.694441 -0.285709 754.dat
1 16 8.336050 -52.976340 -7.343340 0.840066 0.493053 0.226247 0.000000 -0.417057 0.908880 0.542484 -0.763520 -0.350355 754.dat
1 16 7.124600 -51.661590 -4.931370 0.915650 0.359737 0.179374 0.000000 -0.446229 0.894919 0.401977 -0.819432 -0.408589 754.dat
1 16 6.331160 -50.279160 -2.387400 0.970213 0.214344 0.112884 0.000000 -0.465977 0.884796 0.242252 -0.858441 -0.452097 754.dat
1 16 5.981590 -48.859150 0.234300 0.997538 0.061711 0.033301 0.000000 -0.474893 0.880044 0.070123 -0.877877 -0.473724 754.dat
1 16 6.086460 -47.434220 2.874530 0.994473 -0.092544 -0.049596 0.000000 -0.472364 0.881403 -0.104996 -0.876531 -0.469754 754.dat
1 16 6.640040 -46.037140 5.473580 0.961982 -0.242689 -0.125273 0.000000 -0.458685 0.888599 -0.273114 -0.854816 -0.441247 754.dat
1 16 7.621190 -44.698340 7.975640 0.904745 -0.383547 -0.185279 0.000000 -0.434974 0.900443 -0.425954 -0.814671 -0.393540 754.dat
1 16 8.995830 -43.444000 10.332500 0.829579 -0.511041 -0.225022 0.000000 -0.402985 0.915207 -0.558389 -0.759236 -0.334308 754.dat
1 16 10.720580 -42.294620 12.506170 0.743629 -0.622504 -0.243934 0.000000 -0.364847 0.931067 -0.668592 -0.692369 -0.271311 754.dat
1 16 12.746850 -41.264400 14.470040 0.653097 -0.716734 -0.244452 0.000000 -0.322805 0.946465 -0.757274 -0.618134 -0.210823 756.dat
1 16 15.024670 -40.361380 16.208760 0.562714 -0.793837 -0.230601 0.000000 -0.278957 0.960303 -0.826652 -0.540376 -0.156973 754.dat
1 16 17.505940 -39.588040 17.717210 -0.475751 0.854923 -0.206802 0.000000 0.235114 0.971968 0.879579 0.462415 -0.111856 754.dat
1 16 20.146720 -38.942240 18.998700 -0.394276 0.901769 -0.177083 0.000000 0.192693 0.981259 0.918992 0.386888 -0.075974 754.dat
1 16 22.908660 -38.418380 20.063050 -0.319463 0.936481 -0.144730 0.000000 0.152734 0.988267 0.947599 0.315715 -0.048792 754.dat
1 16 25.759530 -38.008380 20.924640 -0.251849 0.961244 -0.112165 0.000000 0.115901 0.993261 0.967766 0.250152 -0.029189 754.dat
1 16 28.673160 -37.702660 21.600700 -0.191557 0.978129 -0.081053 0.000000 0.082582 0.996584 0.981481 0.190903 -0.015819 754.dat
1 16 31.629040 -37.490840 22.109900 -0.138437 0.988984 -0.052404 0.000000 0.052914 0.998599 0.990371 0.138244 -0.007325 754.dat
1 16 34.611590 -37.362380 22.471320 -0.092170 0.995384 -0.026753 0.000000 0.026867 0.999639 0.995743 0.092137 -0.002476 754.dat
1 16 37.609370 -37.306900 22.703670 -0.052337 0.998620 -0.004305 0.000000 0.004311 0.999991 0.998629 0.052336 -0.000225 754.dat
1 16 40.614350 -37.314520 22.824840 -0.018469 0.999717 0.014958 0.000000 -0.014960 0.999888 0.999829 0.018467 0.000277 754.dat
1 16 43.621140 -37.375960 22.851550 0.009903 0.999465 0.031166 0.000000 -0.031167 0.999514 0.999951 -0.009898 -0.000308 754.dat
1 16 46.626420 -37.482580 22.799320 0.033248 0.998454 0.044534 0.000000 -0.044559 0.999007 0.999447 -0.033215 -0.001481 754.dat
1 16 49.628380 -37.626420 22.682370 0.051995 0.997116 0.055278 0.000000 -0.055353 0.998467 0.998647 -0.051916 -0.002878 754.dat
1 16 52.626350 -37.800150 22.513710 0.066537 0.995753 0.063622 0.000000 -0.063763 0.997965 0.997784 -0.066402 -0.004242 754.dat
1 16 55.620420 -37.997030 22.305260 0.077214 0.994571 0.069764 0.000000 -0.069972 0.997549 0.997014 -0.077025 -0.005403 754.dat
1 16 58.611200 -38.210780 22.067980 0.084306 0.993700 0.073848 0.000000 -0.074112 0.997250 0.996440 -0.084075 -0.006248 754.dat
1 16 61.599660 -38.435500 21.812030 0.088005 0.993215 0.076021 0.000000 -0.076317 0.997084 0.996120 -0.087749 -0.006716 754.dat
1 16 64.586900 -38.665610 21.546980 0.089059 0.993111 0.076155 0.000000 -0.076458 0.997073 0.996026 -0.088798 -0.006809 754.dat
1 16 67.574040 -38.895120 21.280180 0.087092 0.993414 0.074457 0.000000 -0.074741 0.997203 0.996200 -0.086849 -0.006509 754.dat
1 16 70.562240 -39.118700 21.020430 0.082623 0.994065 0.070767 0.000000 -0.071010 0.997476 0.996581 -0.082415 -0.005867 754.dat
1 16 73.552470 -39.330460 20.774700 0.075737 0.995006 0.065018 0.000000 -0.065205 0.997872 0.997128 -0.075575 -0.004938 754.dat
1 16 76.545600 -39.524380 20.549970 0.066386 0.996157 0.057136 0.000000 -0.057262 0.998359 0.997794 -0.066277 -0.003801 754.dat
1 16 79.542110 -39.694250 20.353380 0.054471 0.997408 0.047007 0.000000 -0.047076 0.998891 0.998515 -0.054411 -0.002564 754.dat
1 16 82.542320 -39.833550 20.192390 0.039865 0.998610 0.034481 0.000000 -0.034508 0.999404 0.999205 -0.039841 -0.001375 754.dat
1 16 85.546020 -39.935370 20.074850 0.022206 0.999568 0.019247 0.000000 -0.019251 0.999815 0.999753 -0.022202 -0.000427 754.dat
1 16 88.552430 -39.992360 20.009130 0.020036 0.999648 0.017409 0.000000 -0.017413 0.999848 0.999799 -0.020033 -0.000349 754.dat
0 NOFILE
