0 FILE PowerStation.io
0 Untitled Model
0 Name:  PowerStation
0 Author:  Simon Eriksson
0 CustomBrick
0 FlexibleBrickControlPointUnitLength -1
0 FlexibleBrickLockedControlPoint 
0 NumOfBricks:  170
1 8 -180.000500 -248.000000 -0.000100 1.000000 0.000000 0.000000 0.000000 1.000000 0.000000 0.000000 0.000000 1.000000 4201.dat
1 7 -240.000500 -272.000000 -50.000100 1.000000 0.000000 0.000000 0.000000 1.000000 0.000000 0.000000 0.000000 1.000000 3039.dat
1 7 -120.000500 -272.000000 -50.000100 1.000000 0.000000 0.000000 0.000000 1.000000 0.000000 0.000000 0.000000 1.000000 3039.dat
1 3 -180.000500 -272.000000 -50.000100 1.000000 0.000000 0.000000 0.000000 1.000000 0.000000 0.000000 0.000000 1.000000 3037.dat
1 3 -210.000500 -272.000000 -0.000100 0.000000 0.000000 1.000000 0.000000 1.000000 0.000000 -1.000000 0.000000 0.000000 3037.dat
1 3 -150.000500 -272.000000 -0.000100 0.000000 0.000000 -1.000000 0.000000 1.000000 0.000000 1.000000 0.000000 0.000000 3037.dat
1 0 -180.000500 -272.000000 59.999900 1.000000 0.000000 0.000000 0.000000 1.000000 0.000000 0.000000 0.000000 1.000000 3007.dat
1 8 -240.000500 -296.000000 59.999900 1.000000 0.000000 0.000000 0.000000 1.000000 0.000000 0.000000 0.000000 1.000000 3003.dat
1 8 -120.000500 -296.000000 59.999900 1.000000 0.000000 0.000000 0.000000 1.000000 0.000000 0.000000 0.000000 1.000000 3003.dat
1 0 -130.000500 -344.000000 59.999900 0.000000 0.000000 -1.000000 0.000000 1.000000 0.000000 1.000000 0.000000 0.000000 3678a.dat
1 0 -230.000500 -344.000000 59.999900 0.000000 0.000000 1.000000 0.000000 1.000000 0.000000 -1.000000 0.000000 0.000000 3678a.dat
1 8 -240.000500 -296.000000 -50.000100 1.000000 0.000000 0.000000 0.000000 1.000000 0.000000 0.000000 0.000000 1.000000 30236.dat
1 0 -180.000500 -320.000000 -0.000100 1.000000 0.000000 0.000000 0.000000 1.000000 0.000000 0.000000 0.000000 1.000000 3403c01.dat
1 0 -200.000500 -400.000000 69.999900 1.000000 0.000000 0.000000 0.000000 1.000000 0.000000 0.000000 0.000000 1.000000 2432.dat
1 0 -160.000500 -400.000000 69.999900 1.000000 0.000000 0.000000 0.000000 1.000000 0.000000 0.000000 0.000000 1.000000 2432.dat
1 42 -230.000500 -392.000000 69.999900 1.000000 0.000000 0.000000 0.000000 1.000000 0.000000 0.000000 0.000000 1.000000 4589.dat
1 42 -130.000500 -392.000000 69.999900 1.000000 0.000000 0.000000 0.000000 1.000000 0.000000 0.000000 0.000000 1.000000 4589.dat
1 3 -180.000500 -344.000000 29.999900 1.000000 0.000000 0.000000 0.000000 1.000000 0.000000 0.000000 0.000000 1.000000 4865a.dat
1 3 -150.000500 -344.000000 -0.000100 0.000000 0.000000 1.000000 0.000000 1.000000 0.000000 -1.000000 0.000000 0.000000 4865a.dat
1 3 -180.000500 -344.000000 -30.000100 -1.000000 0.000000 0.000000 0.000000 1.000000 0.000000 0.000000 0.000000 -1.000000 4865a.dat
1 3 -210.000500 -344.000000 -0.000100 0.000000 0.000000 -1.000000 0.000000 1.000000 0.000000 1.000000 0.000000 0.000000 4865a.dat
1 14 -220.000500 -304.000000 -50.000100 1.000000 0.000000 0.000000 0.000000 1.000000 0.000000 0.000000 0.000000 1.000000 2431p52.dat
1 14 -140.000500 -304.000000 -50.000100 1.000000 0.000000 0.000000 0.000000 1.000000 0.000000 0.000000 0.000000 1.000000 2431p52.dat
1 7 -153.340500 -421.711500 45.358100 0.000000 -1.000000 0.000000 -0.766045 0.000000 -0.642787 0.642787 0.000000 -0.766045 4735.dat
1 7 -206.660500 -421.711500 45.358100 0.000000 1.000000 0.000000 0.766045 0.000000 -0.642787 -0.642787 0.000000 -0.766045 4735.dat
1 0 -179.860500 -408.931300 46.175500 1.000000 0.000000 0.000000 0.000000 -0.573575 0.819154 0.000000 -0.819154 -0.573575 2516.dat
1 38 -179.860500 -390.583600 23.562200 -1.000000 0.000000 0.000000 0.000000 -0.819154 0.573575 0.000000 0.573575 0.819154 6141.dat
1 14 -239.710500 -286.000000 -70.000100 0.000000 -1.000000 0.000000 0.866026 0.000000 0.500000 -0.500000 0.000000 0.866026 30258p01.dat
1 8 -120.000500 -296.000000 -50.000100 1.000000 0.000000 0.000000 0.000000 1.000000 0.000000 0.000000 0.000000 1.000000 30236.dat
1 14 -119.710500 -286.000000 -70.000100 0.000000 -1.000000 0.000000 0.866026 0.000000 0.500000 -0.500000 0.000000 0.866026 30258p01.dat
1 8 -180.000000 -48.000000 0.000000 0.000000 0.000000 1.000000 0.000000 1.000000 0.000000 -1.000000 0.000000 0.000000 4201.dat
1 8 -460.000500 -48.000000 -0.000100 1.000000 0.000000 0.000000 0.000000 1.000000 0.000000 0.000000 0.000000 1.000000 4201.dat
1 14 -110.000400 -56.000000 0.000000 0.000000 0.000000 1.000003 0.000000 1.000000 0.000000 -1.000003 0.000000 0.000000 2431p52.dat
1 8 -460.000500 -56.000000 -70.000100 1.000000 0.000000 0.000000 0.000000 1.000000 0.000000 0.000000 0.000000 1.000000 6583.dat
1 8 -460.000500 -56.000000 69.999900 -1.000000 0.000000 0.000000 0.000000 1.000000 0.000000 0.000000 0.000000 -1.000000 6583.dat
1 8 -530.000500 -56.000000 0.000000 0.000000 0.000000 1.000001 0.000000 1.000000 0.000000 -1.000001 0.000000 0.000000 6583.dat
1 8 -390.000400 -56.000000 0.000000 0.000000 0.000000 -1.000001 0.000000 1.000000 0.000000 1.000001 0.000000 0.000000 6583.dat
1 0 -460.000500 -56.000000 0.000000 1.000000 0.000000 0.000000 0.000000 1.000000 0.000000 0.000000 0.000000 1.000000 3958.dat
1 8 -410.000500 -80.000000 20.000000 0.000000 0.000000 -1.000002 0.000000 1.000000 0.000000 1.000002 0.000000 0.000000 3039p04.dat
1 8 -130.000400 -72.000000 60.000200 0.000000 0.000000 -1.000003 0.000000 1.000000 0.000000 1.000003 0.000000 0.000000 3039p04.dat
1 8 -130.000200 -72.000000 -60.000200 0.000000 0.000000 -1.000003 0.000000 1.000000 0.000000 1.000003 0.000000 0.000000 3039p04.dat
1 8 -230.000800 -72.000000 -60.000200 0.000000 0.000000 1.000003 0.000000 1.000000 0.000000 -1.000003 0.000000 0.000000 3039p04.dat
1 8 -230.000700 -72.000000 60.000200 0.000000 0.000000 1.000003 0.000000 1.000000 0.000000 -1.000003 0.000000 0.000000 3039p04.dat
1 8 -510.000500 -80.000000 -20.000000 0.000000 0.000000 1.000001 0.000000 1.000000 0.000000 -1.000001 0.000000 0.000000 3039p04.dat
1 8 -510.000500 -104.000000 30.000000 0.000000 0.000000 1.000001 0.000000 1.000000 0.000000 -1.000001 0.000000 0.000000 4070.dat
1 8 -510.000500 -104.000000 -30.000000 0.000000 0.000000 1.000001 0.000000 1.000000 0.000000 -1.000001 0.000000 0.000000 4070.dat
1 8 -410.000500 -104.000000 30.000000 0.000000 0.000000 -1.000001 0.000000 1.000000 0.000000 1.000001 0.000000 0.000000 4070.dat
1 8 -410.000400 -104.000000 -30.000000 0.000000 0.000000 -1.000001 0.000000 1.000000 0.000000 1.000001 0.000000 0.000000 4070.dat
1 14 -524.000500 -94.000000 0.000000 0.000000 1.000001 0.000000 0.000000 0.000000 1.000000 1.000001 0.000000 0.000000 2431p52.dat
1 14 -396.000400 -94.000000 0.000000 0.000000 -1.000001 0.000000 0.000000 0.000000 1.000000 -1.000001 0.000000 0.000000 2431p52.dat
1 42 -390.000400 -72.000000 70.000100 1.000001 0.000000 0.000000 0.000000 1.000000 0.000000 0.000000 0.000000 1.000001 4589.dat
1 42 -530.000500 -72.000000 -70.000100 1.000001 0.000000 0.000000 0.000000 1.000000 0.000000 0.000000 0.000000 1.000001 4589.dat
1 42 -390.000400 -72.000000 -70.000100 0.000000 0.000000 1.000001 0.000000 1.000000 0.000000 -1.000001 0.000000 0.000000 4589.dat
1 42 -530.000600 -72.000000 70.000100 0.000000 0.000000 1.000001 0.000000 1.000000 0.000000 -1.000001 0.000000 0.000000 4589.dat
1 42 -480.000400 -128.000000 -20.000000 1.000001 0.000000 0.000000 0.000000 1.000000 0.000000 0.000000 0.000000 1.000001 4345b.dat
1 42 -440.000400 -128.000000 -20.000000 1.000001 0.000000 0.000000 0.000000 1.000000 0.000000 0.000000 0.000000 1.000001 4345b.dat
1 42 -480.000400 -128.000000 -20.000000 1.000001 0.000000 0.000000 0.000000 1.000000 0.000000 0.000000 0.000000 1.000001 4346.dat
1 42 -440.000400 -128.000000 -20.000000 1.000001 0.000000 0.000000 0.000000 1.000000 0.000000 0.000000 0.000000 1.000001 4346.dat
1 42 -480.000400 -176.000000 -20.000000 1.000001 0.000000 0.000000 0.000000 1.000000 0.000000 0.000000 0.000000 1.000001 4345b.dat
1 42 -440.000400 -176.000000 -20.000000 1.000001 0.000000 0.000000 0.000000 1.000000 0.000000 0.000000 0.000000 1.000001 4345b.dat
1 42 -480.000400 -176.000000 -20.000000 1.000001 0.000000 0.000000 0.000000 1.000000 0.000000 0.000000 0.000000 1.000001 4346.dat
1 42 -440.000400 -176.000000 -20.000000 1.000001 0.000000 0.000000 0.000000 1.000000 0.000000 0.000000 0.000000 1.000001 4346.dat
1 42 -440.000400 -128.000000 20.000000 -1.000001 0.000000 0.000000 0.000000 1.000000 0.000000 0.000000 0.000000 -1.000001 4345b.dat
1 42 -480.000400 -128.000000 20.000000 -1.000001 0.000000 0.000000 0.000000 1.000000 0.000000 0.000000 0.000000 -1.000001 4345b.dat
1 42 -440.000400 -128.000000 20.000000 -1.000001 0.000000 0.000000 0.000000 1.000000 0.000000 0.000000 0.000000 -1.000001 4346.dat
1 42 -480.000400 -128.000000 20.000000 -1.000001 0.000000 0.000000 0.000000 1.000000 0.000000 0.000000 0.000000 -1.000001 4346.dat
1 42 -440.000400 -176.000000 20.000000 -1.000001 0.000000 0.000000 0.000000 1.000000 0.000000 0.000000 0.000000 -1.000001 4345b.dat
1 42 -480.000400 -176.000000 20.000000 -1.000001 0.000000 0.000000 0.000000 1.000000 0.000000 0.000000 0.000000 -1.000001 4345b.dat
1 42 -440.000400 -176.000000 20.000000 -1.000001 0.000000 0.000000 0.000000 1.000000 0.000000 0.000000 0.000000 -1.000001 4346.dat
1 42 -480.000400 -176.000000 20.000000 -1.000001 0.000000 0.000000 0.000000 1.000000 0.000000 0.000000 0.000000 -1.000001 4346.dat
1 8 -460.000400 -200.000000 -10.000000 1.000001 0.000000 0.000000 0.000000 1.000000 0.000000 0.000000 0.000000 1.000001 3039p04.dat
1 8 -460.000400 -200.000000 10.000000 -1.000001 0.000000 0.000000 0.000000 1.000000 0.000000 0.000000 0.000000 -1.000001 3039p04.dat
1 42 -470.000400 -224.000000 -10.000000 0.000000 0.000000 1.000001 0.000000 1.000000 0.000000 -1.000001 0.000000 0.000000 4589.dat
1 42 -450.000400 -224.000000 -10.000000 0.000000 0.000000 1.000001 0.000000 1.000000 0.000000 -1.000001 0.000000 0.000000 4589.dat
1 42 -470.000400 -224.000000 10.000000 0.000000 0.000000 1.000001 0.000000 1.000000 0.000000 -1.000001 0.000000 0.000000 4589.dat
1 42 -450.000400 -224.000000 10.000000 0.000000 0.000000 1.000001 0.000000 1.000000 0.000000 -1.000001 0.000000 0.000000 4589.dat
1 7 -230.001300 -96.000000 40.000500 0.000000 0.000000 -1.000005 0.000000 1.000000 0.000000 1.000005 0.000000 0.000000 2653.dat
1 7 -230.000800 -96.000000 -40.000100 0.000001 0.000000 -1.000003 0.000000 1.000000 0.000000 1.000003 0.000000 0.000001 2653.dat
1 7 -130.000500 -96.000000 40.000500 0.000000 0.000000 1.000006 0.000000 1.000000 0.000000 -1.000006 0.000000 0.000000 2653.dat
1 7 -130.000500 -96.000000 -39.999900 0.000000 0.000000 1.000005 0.000000 1.000000 0.000000 -1.000005 0.000000 0.000000 2653.dat
1 0 -230.001000 -120.000000 40.000700 0.000000 0.000000 1.000000 0.000000 1.000000 0.000000 -1.000000 0.000000 0.000000 3660.dat
1 0 -230.000900 -120.000000 0.000500 0.000000 0.000000 1.000000 0.000000 1.000000 0.000000 -1.000000 0.000000 0.000000 3660.dat
1 0 -130.000500 -120.000000 40.000600 0.000000 0.000000 -1.000000 0.000000 1.000000 0.000000 1.000000 0.000000 0.000000 3660.dat
1 0 -130.000600 -120.000000 0.000500 0.000000 0.000000 -1.000000 0.000000 1.000000 0.000000 1.000000 0.000000 0.000000 3660.dat
1 8 -510.000500 -80.000000 20.000000 0.000000 0.000000 1.000002 0.000000 1.000000 0.000000 -1.000002 0.000000 0.000000 3039.dat
1 8 -410.000400 -80.000000 -20.000000 0.000000 0.000000 -1.000002 0.000000 1.000000 0.000000 1.000002 0.000000 0.000000 3039.dat
1 0 -150.000500 -224.000000 -30.000100 0.000000 0.000000 -1.000000 0.000000 1.000000 0.000000 1.000000 0.000000 0.000000 4460b.dat
1 0 -210.001100 -224.000000 -30.000000 0.000000 0.000000 1.000000 0.000000 1.000000 0.000000 -1.000000 0.000000 0.000000 4460b.dat
1 0 -150.000500 -224.000000 69.999900 0.000000 0.000000 -1.000000 0.000000 1.000000 0.000000 1.000000 0.000000 0.000000 4460b.dat
1 0 -210.000500 -224.000000 69.999900 0.000000 0.000000 1.000000 0.000000 1.000000 0.000000 -1.000000 0.000000 0.000000 4460b.dat
1 14 -230.001100 -120.000000 -30.000000 0.000000 0.000000 1.000000 0.000000 1.000000 0.000000 -1.000000 0.000000 0.000000 4070.dat
1 14 -130.000500 -120.000000 -29.999800 0.000000 0.000000 -1.000000 0.000000 1.000000 0.000000 1.000000 0.000000 0.000000 4070.dat
1 38 -244.001100 -110.000000 -30.000000 0.000000 1.000000 0.000000 0.000000 0.000000 1.000000 1.000000 0.000000 0.000000 6141.dat
1 38 -116.000500 -110.000000 -29.999800 0.000000 -1.000000 0.000000 0.000000 0.000000 1.000000 -1.000000 0.000000 0.000000 6141.dat
1 0 -430.000400 -184.000000 0.000000 0.000000 0.000000 -1.000000 0.000000 1.000000 0.000000 1.000000 0.000000 0.000000 2540.dat
1 14 -410.000500 -182.000000 -0.300000 0.500000 0.000000 -0.866025 0.866025 0.000000 0.500000 0.000000 -1.000000 0.000000 30258p01.dat
1 0 -490.000400 -184.000000 0.000000 0.000000 0.000000 1.000000 0.000000 1.000000 0.000000 -1.000000 0.000000 0.000000 2540.dat
1 14 -509.999600 -182.000000 0.300000 -0.500002 0.000000 0.866029 0.866025 0.000000 0.500000 0.000000 1.000004 0.000000 30258p01.dat
1 0 -460.000500 -80.000000 20.000000 1.000000 0.000000 0.000000 0.000000 1.000000 0.000000 0.000000 0.000000 1.000000 3001.dat
1 7 -180.000500 -368.000000 69.999900 1.000000 0.000000 0.000000 0.000000 1.000000 0.000000 0.000000 0.000000 1.000000 3009.dat
1 8 -180.000500 -120.000000 70.000700 1.000000 0.000000 0.000000 0.000000 1.000000 0.000000 0.000000 0.000000 1.000000 3009.dat
1 0 -180.000500 -144.000000 70.000700 1.000000 0.000000 0.000000 0.000000 1.000000 0.000000 0.000000 0.000000 1.000000 3009.dat
1 0 -230.001100 -120.000000 -60.000000 0.000000 0.000000 1.000000 0.000000 1.000000 0.000000 -1.000000 0.000000 0.000000 3004.dat
1 0 -130.000500 -120.000000 -60.000100 0.000000 0.000000 1.000000 0.000000 1.000000 0.000000 -1.000000 0.000000 0.000000 3004.dat
1 8 -180.000500 -72.000000 70.000700 1.000000 0.000000 0.000000 0.000000 1.000000 0.000000 0.000000 0.000000 1.000000 3010.dat
1 14 -180.000500 -96.000000 70.000700 1.000000 0.000000 0.000000 0.000000 1.000000 0.000000 0.000000 0.000000 1.000000 3010.dat
1 7 -150.000500 -296.000000 -0.000100 0.000000 0.000000 1.000000 0.000000 1.000000 0.000000 -1.000000 0.000000 0.000000 3010.dat
1 7 -210.000500 -296.000000 -0.000100 0.000000 0.000000 1.000000 0.000000 1.000000 0.000000 -1.000000 0.000000 0.000000 3010.dat
1 7 -180.000500 -296.000000 -50.000100 1.000000 0.000000 0.000000 0.000000 1.000000 0.000000 0.000000 0.000000 1.000000 3010.dat
1 3 -180.000500 -328.000000 -0.000100 1.000000 0.000000 0.000000 0.000000 1.000000 0.000000 0.000000 0.000000 1.000000 3068b.dat
1 8 -130.000500 -72.000000 0.000300 0.000000 0.000000 1.000000 0.000000 1.000000 0.000000 -1.000000 0.000000 0.000000 3010.dat
1 14 -490.000400 -192.000000 0.000000 0.000000 0.000000 1.000000 0.000000 1.000000 0.000000 -1.000000 0.000000 0.000000 2412b.dat
1 14 -430.000400 -192.000000 0.000000 0.000000 0.000000 1.000000 0.000000 1.000000 0.000000 -1.000000 0.000000 0.000000 2412b.dat
1 3 -180.000500 -176.000000 69.999900 1.000000 0.000000 0.000000 0.000000 1.000000 0.000000 0.000000 0.000000 1.000000 3004.dat
1 3 -180.000500 -200.000000 69.999900 1.000000 0.000000 0.000000 0.000000 1.000000 0.000000 0.000000 0.000000 1.000000 3004.dat
1 16 -180.000400 -84.000000 -57.810040 1.000000 0.000000 0.000000 0.000000 1.000000 0.000000 0.000000 0.000000 1.000000 bucket mover
1 0 -150.000500 -152.000000 69.999900 1.000000 0.000000 0.000000 0.000000 1.000000 0.000000 0.000000 0.000000 1.000000 3623.dat
1 0 -210.000500 -152.000000 69.999900 1.000000 0.000000 0.000000 0.000000 1.000000 0.000000 0.000000 0.000000 1.000000 3623.dat
1 3 -170.000500 -224.000000 69.999900 -1.000000 0.000000 0.000000 0.000000 1.000000 0.000000 0.000000 0.000000 -1.000000 4070.dat
1 3 -190.000500 -224.000000 69.999900 -1.000000 0.000000 0.000000 0.000000 1.000000 0.000000 0.000000 0.000000 -1.000000 4070.dat
1 42 -170.000500 -214.000000 83.999910 1.000000 0.000000 0.000000 0.000000 0.000000 1.000000 0.000000 -1.000000 0.000000 6141.dat
1 42 -190.000500 -214.000000 83.999900 1.000000 0.000000 0.000000 0.000000 0.000000 1.000000 0.000000 -1.000000 0.000000 6141.dat
1 0 -110.000600 -144.000000 0.000500 0.000000 0.000000 -1.000000 0.000000 1.000000 0.000000 1.000000 0.000000 0.000000 30237.dat
1 0 -110.000500 -144.000000 40.000600 0.000000 0.000000 -1.000000 0.000000 1.000000 0.000000 1.000000 0.000000 0.000000 30237.dat
1 0 -250.001300 -144.000000 40.000500 0.000000 0.000000 1.000000 0.000000 1.000000 0.000000 -1.000000 0.000000 0.000000 30237.dat
1 0 -250.001300 -144.000000 0.000500 0.000000 0.000000 1.000000 0.000000 1.000000 0.000000 -1.000000 0.000000 0.000000 30237.dat
1 14 -250.001300 -152.000000 20.000500 0.000000 0.000000 1.000000 0.000000 1.000000 0.000000 -1.000000 0.000000 0.000000 3710.dat
1 14 -110.000500 -152.000000 20.000600 0.000000 0.000000 1.000000 0.000000 1.000000 0.000000 -1.000000 0.000000 0.000000 3710.dat
1 14 -230.001100 -152.000000 -40.000010 0.000000 0.000000 1.000000 0.000000 1.000000 0.000000 -1.000000 0.000000 0.000000 3010.dat
1 14 -130.000500 -152.000000 -40.000100 0.000000 0.000000 1.000004 0.000000 1.000000 0.000000 -1.000004 0.000000 0.000000 3010.dat
1 3 -150.000500 -224.000000 -60.000110 0.000000 0.000000 -1.000000 0.000000 1.000000 0.000000 1.000000 0.000000 0.000000 3684.dat
1 3 -130.000500 -224.000000 -0.000100 0.000000 0.000000 -1.000000 0.000000 1.000000 0.000000 1.000000 0.000000 0.000000 3684.dat
1 3 -130.000500 -224.000000 39.999900 0.000000 0.000000 -1.000000 0.000000 1.000000 0.000000 1.000000 0.000000 0.000000 3684.dat
1 3 -180.000500 -344.000000 69.999910 1.000000 0.000000 0.000000 0.000000 1.000000 0.000000 0.000000 0.000000 1.000000 3684.dat
1 3 -230.000500 -224.000000 39.999900 0.000000 0.000000 1.000000 0.000000 1.000000 0.000000 -1.000000 0.000000 0.000000 3684.dat
1 3 -230.000500 -224.000000 -0.000100 0.000000 0.000000 1.000000 0.000000 1.000000 0.000000 -1.000000 0.000000 0.000000 3684.dat
1 3 -210.000500 -224.000000 -60.000100 0.000000 0.000000 1.000000 0.000000 1.000000 0.000000 -1.000000 0.000000 0.000000 3684.dat
1 3 -230.001100 -128.000000 -40.000010 0.000000 0.000000 1.000000 0.000000 1.000000 0.000000 -1.000000 0.000000 0.000000 3710.dat
1 3 -130.000500 -128.000000 -40.000100 0.000000 0.000000 1.000000 0.000000 1.000000 0.000000 -1.000000 0.000000 0.000000 3710.dat
1 14 -470.000500 -142.000000 69.999900 0.000000 -1.000000 0.000000 1.000000 0.000000 0.000000 0.000000 0.000000 1.000000 73590c02b.dat copy 3
1 8 -320.000000 -23.900000 0.000000 1.000000 0.000000 0.000000 0.000000 1.000000 0.000000 0.000000 0.000000 1.000000 30072.dat
1 0 -460.000500 -80.000000 -20.000000 1.000000 0.000000 0.000000 0.000000 1.000000 0.000000 0.000000 0.000000 1.000000 3001.dat
1 14 -250.001000 -56.000000 0.000240 0.000000 0.000000 -1.000003 0.000000 1.000000 0.000000 1.000003 0.000000 0.000000 2431p52.dat
1 8 -230.000800 -72.000000 -0.000070 0.000000 0.000000 -1.000000 0.000000 1.000000 0.000000 1.000000 0.000000 0.000000 3010.dat
0 NOFILE
0 FILE Bucket mover
0 Bucket mover
0 Name:  Bucket mover
0 Author:  
0 CustomBrick
0 FlexibleBrickControlPointUnitLength -1
0 FlexibleBrickLockedControlPoint 
0 NumOfBricks:  27
1 0 29.999600 -4.000000 50.000000 0.000000 0.000000 -1.000003 0.000000 1.000000 0.000000 1.000003 0.000000 0.000000 32028.dat
1 0 29.999600 -4.000000 90.000320 0.000000 0.000000 -1.000003 0.000000 1.000000 0.000000 1.000003 0.000000 0.000000 32028.dat
1 0 -30.000690 -4.000000 90.000320 0.000000 0.000000 1.000003 0.000000 1.000000 0.000000 -1.000003 0.000000 0.000000 32028.dat
1 0 -30.000690 -4.000000 50.000000 0.000000 0.000000 1.000003 0.000000 1.000000 0.000000 -1.000003 0.000000 0.000000 32028.dat
1 7 -0.000490 -20.000000 -80.000000 1.000003 0.000000 0.000000 0.000000 1.000000 0.000000 0.000000 0.000000 1.000003 3710.dat
1 0 -20.000490 -36.000000 -60.000000 -1.000003 0.000000 0.000000 0.000000 1.000000 0.000000 0.000000 0.000000 -1.000003 3937.dat
1 0 19.999600 -36.000000 -60.000000 -1.000003 0.000000 -0.000001 0.000000 1.000000 0.000000 0.000001 0.000000 -1.000003 3937.dat
1 14 -0.000490 -28.000000 -80.000000 1.000003 0.000000 0.000000 0.000000 1.000000 0.000000 0.000000 0.000000 1.000003 3710.dat
1 3 -20.000490 -36.000000 -80.000000 1.000000 0.000000 0.000000 0.000000 1.000000 0.000000 0.000000 0.000000 1.000000 2412b.dat
1 3 19.999510 -36.000000 -80.000000 1.000000 0.000000 0.000000 0.000000 1.000000 0.000000 0.000000 0.000000 1.000000 2412b.dat
1 14 -0.000320 -20.000000 80.000100 1.000000 0.000000 0.000000 0.000000 1.000000 0.000000 0.000000 0.000000 1.000000 2412b.dat
1 14 -0.000320 -20.000000 40.000100 1.000000 0.000000 0.000000 0.000000 1.000000 0.000000 0.000000 0.000000 1.000000 2412b.dat
1 14 -0.000320 -20.000000 0.000100 1.000000 0.000000 0.000000 0.000000 1.000000 0.000000 0.000000 0.000000 1.000000 2412b.dat
1 0 -0.000320 -20.000000 60.000100 1.000000 0.000000 0.000000 0.000000 1.000000 0.000000 0.000000 0.000000 1.000000 2412b.dat
1 0 -0.000320 -20.000000 20.000100 1.000000 0.000000 0.000000 0.000000 1.000000 0.000000 0.000000 0.000000 1.000000 2412b.dat
1 0 -0.000320 -20.000000 100.000100 1.000000 0.000000 0.000000 0.000000 1.000000 0.000000 0.000000 0.000000 1.000000 2412b.dat
1 7 -0.000400 -12.000000 9.999969 0.000000 0.000000 1.000000 0.000000 1.000000 0.000000 -1.000000 0.000000 0.000000 3030.dat
1 0 29.999600 -4.000000 9.999980 0.000000 0.000000 -1.000000 0.000000 1.000000 0.000000 1.000000 0.000000 0.000000 32028.dat
1 0 -30.000410 -4.000000 9.999960 0.000000 0.000000 1.000000 0.000000 1.000000 0.000000 -1.000000 0.000000 0.000000 32028.dat
1 16 0.000000 -24.000000 -80.000000 1.000000 0.000000 0.000000 0.000000 1.000000 0.000000 0.000000 0.000000 1.000000 bucket
1 0 -30.000410 -20.000000 19.999970 0.000000 0.000000 1.000000 0.000000 1.000000 0.000000 -1.000000 0.000000 0.000000 3623.dat
1 0 -30.000410 -20.000000 79.999970 0.000000 0.000000 1.000000 0.000000 1.000000 0.000000 -1.000000 0.000000 0.000000 3623.dat
1 0 29.999600 -20.000000 19.999970 0.000000 0.000000 1.000000 0.000000 1.000000 0.000000 -1.000000 0.000000 0.000000 3623.dat
1 0 29.999590 -20.000000 79.999970 0.000000 0.000000 1.000000 0.000000 1.000000 0.000000 -1.000000 0.000000 0.000000 3623.dat
0 NOFILE
0 FILE Bucket
0 Bucket
0 Name:  Bucket
0 Author:  
0 CustomBrick
0 FlexibleBrickControlPointUnitLength -1
0 FlexibleBrickLockedControlPoint 
0 NumOfBricks:  4
1 7 -20.000280 -12.000000 20.000000 1.000000 0.000000 0.000000 0.000000 1.000000 0.000000 0.000000 0.000000 1.000000 3938.dat
1 7 19.999720 -12.000000 20.000000 1.000000 0.000000 0.000000 0.000000 1.000000 0.000000 0.000000 0.000000 1.000000 3938.dat
1 7 -0.000310 -20.000000 -9.999909 -1.000000 0.000000 -0.000001 0.000000 1.000000 0.000000 0.000001 0.000000 -1.000000 2512.dat
1 0 -0.000310 -28.000000 -9.999909 -0.999997 0.000000 0.000000 0.000000 1.000000 0.000000 0.000000 0.000000 -0.999997 3068px1.dat
0 NOFILE
0 FILE 73590c02b.dat Copy 3
0 Hose, Flexible 8.5L with Tabbed Ends Black (Ends different color than Tube)
0 Name:  73590c02b
0 Author:  Thom Kok [thomkok23]
0 FlexibleBrick:  73590c02b.dat
0 FlexibleBrickControlPointUnitLength -1
0 FlexibleBrickLockedControlPoint 
1 16 54.000000 -80.000100 0.000200 0.000000 1.000000 0.000000 -1.000000 0.000000 0.000000 0.000000 0.000000 1.000000 750.dat
1 16 70.000000 0.000000 0.000000 0.000000 1.000000 0.000000 1.000000 0.000000 0.000000 0.000000 0.000000 1.000000 750.dat
1 16 54.000000 -80.000100 0.000200 0.000000 -1.000000 0.000000 1.000000 0.000000 0.000000 0.000000 0.000000 1.000000 755.dat
1 16 70.000000 0.000000 0.000000 0.000000 -1.000000 0.000000 1.000000 0.000000 0.000000 0.000000 0.000000 1.000000 755.dat
1 16 48.554940 -79.981340 -0.000380 -0.001321 0.999085 0.042749 0.000000 -0.042749 0.999086 0.999999 0.001320 0.000057 754.dat
1 16 45.554020 -79.822480 -0.005630 -0.001788 0.998546 0.053876 0.000000 -0.053876 0.998547 0.999998 0.001786 0.000096 754.dat
1 16 42.564820 -79.513920 -0.016250 -0.003644 0.994452 0.105130 0.000000 -0.105131 0.994458 0.999993 0.003624 0.000383 754.dat
1 16 39.595100 -79.054470 -0.032640 -0.005661 0.987684 0.156357 0.000000 -0.156359 0.987700 0.999984 0.005592 0.000885 754.dat
1 16 36.653050 -78.442700 -0.055230 -0.007878 0.978082 0.208069 0.000000 -0.208076 0.978113 0.999969 0.007706 0.001639 754.dat
1 16 33.747320 -77.677150 -0.084440 -0.010322 0.965473 0.260297 0.000000 -0.260310 0.965525 0.999947 0.009966 0.002687 754.dat
1 16 30.887140 -76.756260 -0.120680 -0.013026 0.949644 0.313060 0.000000 -0.313086 0.949724 0.999915 0.012371 0.004079 754.dat
1 16 28.082460 -75.678500 -0.164370 -0.016029 0.930343 0.366339 0.000000 -0.366386 0.930463 0.999872 0.014915 0.005873 754.dat
1 16 25.344050 -74.442430 -0.215880 -0.019381 0.907270 0.420102 0.000000 -0.420181 0.907440 0.999812 0.017587 0.008144 754.dat
1 16 22.683620 -73.046880 -0.275540 -0.023141 0.880096 0.474232 0.000000 -0.474359 0.880331 0.999732 0.020372 0.010977 754.dat
1 16 20.113880 -71.491130 -0.343630 -0.027386 0.848454 0.528561 0.000000 -0.528759 0.848772 0.999625 0.023245 0.014481 754.dat
1 16 17.648650 -69.775120 -0.420320 -0.032218 0.811961 0.582822 0.000000 -0.583125 0.812382 0.999481 0.026173 0.018787 754.dat
1 16 15.302820 -67.899720 -0.505670 -0.037769 0.770224 0.636654 0.000000 -0.637108 0.770774 0.999286 0.029112 0.024063 754.dat
1 16 13.092390 -65.867030 -0.599590 -0.044229 0.722867 0.689570 0.000000 -0.690245 0.723575 0.999021 0.032003 0.030529 754.dat
1 16 11.034290 -63.680780 -0.701800 -0.051870 0.669578 0.740928 0.000000 -0.741927 0.670481 0.998654 0.034778 0.038484 754.dat
1 16 9.146150 -61.346700 -0.811790 -0.061108 0.610128 0.789942 0.000000 -0.791421 0.611271 0.998131 0.037354 0.048362 754.dat
1 16 7.446030 -58.872820 -0.928810 -0.072614 0.544421 0.835663 0.000000 -0.837874 0.545862 0.997360 0.039638 0.060842 754.dat
1 16 5.951900 -56.269780 -1.051790 -0.087546 0.472530 0.876956 0.000000 -0.880336 0.474351 0.996160 0.041527 0.077070 754.dat
1 16 4.681150 -53.551060 -1.179420 -0.108089 0.394732 0.912416 0.000000 -0.917794 0.397058 0.994141 0.042918 0.099204 754.dat
1 16 3.649940 -50.733040 -1.310030 -0.138920 0.311539 0.940024 0.000000 -0.949228 0.314589 0.990303 0.043703 0.131867 754.dat
1 16 2.872560 -47.834900 -1.441710 -0.192076 0.223713 0.955541 0.000000 -0.973671 0.227958 0.981380 0.043785 0.187019 754.dat
1 16 2.360680 -44.878330 -1.572280 -0.309714 0.132257 0.941586 0.000000 -0.990279 0.139097 0.950830 0.043080 0.306703 754.dat
1 16 2.122790 -41.887160 -1.699340 -0.734311 0.038386 0.677727 0.000000 -0.998399 0.056549 0.678813 0.041525 0.733136 754.dat
1 16 2.163640 -38.886650 -1.820360 -0.568698 -0.056524 -0.820602 0.000000 -0.997636 0.068718 -0.822547 0.039080 0.567354 754.dat
1 16 2.483890 -35.902680 -1.932750 -0.230316 -0.151001 -0.961329 0.000000 -0.987887 0.155173 -0.973116 0.035739 0.227527 756.dat
1 16 3.080050 -32.960990 -2.033950 -0.128369 -0.243565 -0.961352 0.000000 -0.969372 0.245597 -0.991726 0.031527 0.124438 754.dat
1 16 3.944460 -30.086170 -2.121530 0.079382 0.332811 -0.939646 0.000000 0.942621 0.333865 0.996844 -0.026503 0.074827 754.dat
1 16 5.065730 -27.300960 -2.193240 0.049648 0.417490 -0.907324 0.000000 0.908445 0.418006 0.998767 -0.020753 0.045102 754.dat
1 16 6.429190 -24.625440 -2.247140 0.028968 0.496573 -0.867512 0.000000 0.867876 0.496781 0.999580 -0.014391 0.025140 754.dat
1 16 8.017600 -22.076580 -2.281630 0.013259 0.569292 -0.822028 0.000000 0.822101 0.569342 0.999912 -0.007549 0.010900 754.dat
1 16 9.811890 -19.667830 -2.295490 0.000589 0.635163 -0.772378 0.000000 0.772378 0.635163 1.000000 -0.000374 0.000455 754.dat
1 16 11.791940 -17.409100 -2.287950 -0.010055 0.693971 -0.719933 0.000000 0.719970 0.694006 0.999949 0.006979 -0.007239 754.dat
1 16 13.937330 -15.306770 -2.258670 -0.019242 0.745755 -0.665943 0.000000 0.666066 0.745893 0.999815 0.014352 -0.012816 754.dat
1 16 16.227990 -13.363950 -2.207750 -0.027293 0.790758 -0.611520 0.000000 0.611748 0.791053 0.999627 0.021591 -0.016697 754.dat
1 16 18.644690 -11.580850 -2.135750 -0.034392 0.829389 -0.557612 0.000000 0.557942 0.829880 0.999408 0.028542 -0.019189 754.dat
1 16 21.169510 -9.955220 -2.043630 -0.040629 0.862170 -0.504987 0.000000 0.505404 0.862883 0.999174 0.035058 -0.020534 754.dat
1 16 23.786060 -8.482810 -1.932780 -0.046036 0.889686 -0.454246 0.000000 0.454728 0.890630 0.998940 0.041001 -0.020934 754.dat
1 16 26.479660 -7.157850 -1.804980 -0.050602 0.912553 -0.405815 0.000000 0.406336 0.913724 0.998719 0.046236 -0.020561 754.dat
1 16 29.237360 -5.973480 -1.662370 -0.054289 0.931379 -0.359980 0.000000 0.360511 0.932755 0.998525 0.050638 -0.019572 754.dat
1 16 32.047910 -4.922140 -1.507450 -0.057036 0.946747 -0.316887 0.000000 0.317404 0.948290 0.998372 0.054087 -0.018103 754.dat
1 16 34.901700 -3.995950 -1.343060 -0.058770 0.959190 -0.276586 0.000000 0.277065 0.960851 0.998271 0.056469 -0.016283 754.dat
1 16 37.790580 -3.186900 -1.172350 -0.059407 0.969191 -0.239037 0.000000 0.239460 0.970906 0.998234 0.057679 -0.014225 754.dat
1 16 40.707750 -2.487130 -0.998760 -0.058859 0.977170 -0.204143 0.000000 0.204498 0.978867 0.998266 0.057615 -0.012036 754.dat
1 16 43.647560 -1.889090 -0.826040 -0.057034 0.983486 -0.171763 0.000000 0.172043 0.985089 0.998372 0.056184 -0.009812 754.dat
1 16 46.605360 -1.385590 -0.658170 -0.053844 0.988439 -0.141737 0.000000 0.141944 0.989875 0.998549 0.053299 -0.007643 754.dat
1 16 49.577300 -0.969900 -0.499400 -0.049199 0.992275 -0.113885 0.000000 0.114024 0.993478 0.998789 0.048878 -0.005610 754.dat
1 16 52.560220 -0.635790 -0.354190 -0.043012 0.995188 -0.088032 0.000000 0.088114 0.996110 0.999074 0.042845 -0.003790 754.dat
1 16 55.551520 -0.377490 -0.227230 -0.035200 0.997328 -0.064008 0.000000 0.064048 0.997947 0.999380 0.035128 -0.002254 754.dat
1 16 58.548960 -0.189720 -0.123400 -0.025678 0.998802 -0.041656 0.000000 0.041670 0.999131 0.999670 0.025656 -0.001070 754.dat
1 16 61.550660 -0.067630 -0.047780 -0.014243 0.999685 -0.020665 0.000000 0.020668 0.999786 0.999898 0.014240 -0.000294 754.dat
1 16 64.554880 -0.006760 -0.005670 -0.012797 0.999798 -0.015492 0.000000 0.015493 0.999880 0.999918 0.012796 -0.000198 754.dat
0 NOFILE
