0 FILE SuperTeleport.io
0 Untitled Model
0 Name:  SuperTeleport
0 Author:  Simon Eriksson
0 CustomBrick
0 FlexibleBrickControlPointUnitLength -1
0 FlexibleBrickLockedControlPoint 
0 NumOfBricks:  70
1 8 0.000100 -47.999900 -20.000100 0.000000 0.000000 1.000000 0.000000 1.000000 0.000000 -1.000000 0.000000 0.000000 4201.dat
1 0 70.000100 -71.999900 -30.000100 0.000000 0.000000 1.000000 0.000000 1.000000 0.000000 -1.000000 0.000000 0.000000 3622.dat
1 0 -69.999900 -71.999900 -30.000200 0.000000 0.000000 1.000000 0.000000 1.000000 0.000000 -1.000000 0.000000 0.000000 3622.dat
1 42 70.000100 -71.999900 9.999900 0.000000 0.000000 1.000000 0.000000 1.000000 0.000000 -1.000000 0.000000 0.000000 4589.dat
1 42 -69.999900 -71.999900 9.999800 0.000000 0.000000 1.000000 0.000000 1.000000 0.000000 -1.000000 0.000000 0.000000 4589.dat
1 7 70.000100 -79.999900 -40.000200 0.000000 0.000000 1.000000 0.000000 1.000000 0.000000 -1.000000 0.000000 0.000000 3710.dat
1 7 -69.999900 -79.999900 -40.000200 0.000000 0.000000 1.000000 0.000000 1.000000 0.000000 -1.000000 0.000000 0.000000 3710.dat
1 7 70.000100 -127.999900 -40.000200 0.000000 0.000000 1.000000 0.000000 1.000000 0.000000 -1.000000 0.000000 0.000000 4083.dat
1 38 70.000100 -136.000000 -50.000100 0.000000 0.000000 1.000000 0.000000 1.000000 0.000000 -1.000000 0.000000 0.000000 6141.dat
1 14 -49.999900 -55.999900 -60.000100 0.000000 0.000000 1.000000 0.000000 1.000000 0.000000 -1.000000 0.000000 0.000000 2431p52.dat
1 14 50.000100 -55.999900 -60.000100 0.000000 0.000000 1.000000 0.000000 1.000000 0.000000 -1.000000 0.000000 0.000000 2431p52.dat
1 0 70.000100 -152.000000 39.999800 0.000000 0.000000 1.000000 0.000000 1.000000 0.000000 -1.000000 0.000000 0.000000 2432.dat
1 0 -69.999900 -152.000000 39.999800 0.000000 0.000000 -1.000000 0.000000 1.000000 0.000000 1.000000 0.000000 0.000000 2432.dat
1 0 0.000100 -55.999900 -80.000100 1.000000 0.000000 0.000000 0.000000 1.000000 0.000000 0.000000 0.000000 1.000000 3068bp00.dat
1 7 -69.999900 -127.999900 -40.000200 0.000000 0.000000 1.000000 0.000000 1.000000 0.000000 -1.000000 0.000000 0.000000 4083.dat
1 38 -69.999900 -136.000000 -50.000200 0.000000 0.000000 1.000000 0.000000 1.000000 0.000000 -1.000000 0.000000 0.000000 6141.dat
1 8 -80.000000 -24.000000 0.000000 0.000000 0.000000 1.000000 0.000000 1.000000 0.000000 -1.000000 0.000000 0.000000 4204.dat
1 8 -240.000000 -24.000000 0.000000 0.000000 0.000000 1.000000 0.000000 1.000000 0.000000 -1.000000 0.000000 0.000000 4204.dat
1 8 240.000000 -24.000000 0.000000 0.000000 0.000000 1.000000 0.000000 1.000000 0.000000 -1.000000 0.000000 0.000000 4204.dat
1 8 80.000100 -23.999900 0.000000 0.000000 0.000000 1.000000 0.000000 1.000000 0.000000 -1.000001 0.000000 0.000000 4204.dat
1 0 0.000000 -32.000000 100.000100 -1.000000 0.000000 0.000000 0.000000 1.000000 0.000000 0.000000 0.000000 -1.000000 3068bp00.dat
1 14 -160.000000 -32.000000 110.000000 -1.000000 0.000000 0.000000 0.000000 1.000000 0.000000 0.000000 0.000000 -1.000000 2431p52.dat
1 14 -160.000000 -32.000000 89.999900 -1.000000 0.000000 0.000000 0.000000 1.000000 0.000000 0.000000 0.000000 -1.000000 2431p52.dat
1 14 160.000000 -32.000000 110.000000 -1.000000 0.000000 0.000000 0.000000 1.000000 0.000000 0.000000 0.000000 -1.000000 2431p52.dat
1 14 160.000000 -32.000000 90.000000 -1.000000 0.000000 0.000000 0.000000 1.000000 0.000000 0.000000 0.000000 -1.000000 2431p52.dat
1 0 -190.000000 -47.999900 -50.000000 0.000000 0.000000 1.000000 0.000000 1.000000 0.000000 -1.000000 0.000000 0.000000 3622.dat
1 0 190.000000 -47.999900 -49.999800 0.000000 0.000000 1.000000 0.000000 1.000000 0.000000 -1.000000 0.000000 0.000000 3622.dat
1 7 190.000000 -55.999900 -60.000000 0.000000 0.000000 1.000000 0.000000 1.000000 0.000000 -1.000000 0.000000 0.000000 3710.dat
1 7 -190.000000 -55.999900 -60.000000 0.000000 0.000000 1.000000 0.000000 1.000000 0.000000 -1.000000 0.000000 0.000000 3710.dat
1 14 -160.000000 -104.000000 20.000000 0.000000 0.000000 1.000000 0.000000 1.000000 0.000000 -1.000000 0.000000 0.000000 3020.dat
1 14 160.000100 -103.999900 20.000000 0.000000 0.000000 1.000000 0.000000 1.000000 0.000000 -1.000000 0.000000 0.000000 3020.dat
1 0 -170.000000 -128.000000 40.000000 0.000000 0.000000 1.000000 0.000000 1.000000 0.000000 -1.000000 0.000000 0.000000 3660.dat
1 0 -170.000000 -128.000000 0.000000 0.000000 0.000000 1.000000 0.000000 1.000000 0.000000 -1.000000 0.000000 0.000000 3660.dat
1 0 -150.000000 -128.000000 0.000000 0.000000 0.000000 -1.000000 0.000000 1.000000 0.000000 1.000000 0.000000 0.000000 3660.dat
1 0 -150.000000 -128.000000 40.000000 -0.000001 0.000000 -1.000000 0.000000 1.000000 0.000000 1.000000 0.000000 -0.000001 3660.dat
1 0 150.000000 -127.999900 40.000000 0.000000 0.000000 1.000000 0.000000 1.000000 0.000000 -1.000000 0.000000 0.000000 3660.dat
1 0 150.000100 -127.999900 0.000000 0.000000 0.000000 1.000002 0.000000 1.000000 0.000000 -1.000002 0.000000 0.000000 3660.dat
1 0 170.000100 -127.999900 0.000000 0.000000 0.000000 -1.000002 0.000000 1.000000 0.000000 1.000002 0.000000 0.000000 3660.dat
1 0 170.000000 -127.999900 40.000100 -0.000001 0.000000 -1.000002 0.000000 1.000000 0.000000 1.000002 0.000000 -0.000001 3660.dat
1 3 -160.000000 -152.000000 30.000000 -1.000000 0.000000 0.000000 0.000000 1.000000 0.000000 0.000000 0.000000 -1.000000 3037.dat
1 3 160.000000 -151.999900 30.000100 -1.000000 0.000000 0.000000 0.000000 1.000000 0.000000 0.000000 0.000000 -1.000000 3037.dat
1 3 160.000100 -151.999900 10.000000 1.000000 0.000000 0.000000 0.000000 1.000000 0.000000 0.000000 0.000000 1.000000 3037.dat
1 3 -160.000000 -152.000000 10.000000 1.000000 0.000000 0.000000 0.000000 1.000000 0.000000 0.000000 0.000000 1.000000 3037.dat
1 38 -170.000000 -160.000000 30.000000 1.000000 0.000000 0.000000 0.000000 1.000000 0.000000 0.000000 0.000000 1.000000 6141.dat
1 38 -150.000000 -160.000000 10.000000 1.000000 0.000000 0.000000 0.000000 1.000000 0.000000 0.000000 0.000000 1.000000 6141.dat
1 38 150.000100 -159.999900 10.000000 1.000000 0.000000 0.000000 0.000000 1.000000 0.000000 0.000000 0.000000 1.000000 6141.dat
1 38 170.000000 -159.999900 30.000100 1.000000 0.000000 0.000000 0.000000 1.000000 0.000000 0.000000 0.000000 1.000000 6141.dat
1 42 -190.000000 -176.000000 10.000000 1.000000 0.000000 0.000000 0.000000 1.000000 0.000000 0.000000 0.000000 1.000000 4589.dat
1 42 190.000100 -175.999900 10.000000 1.000000 0.000000 0.000000 0.000000 1.000000 0.000000 0.000000 0.000000 1.000000 4589.dat
1 14 -49.999900 -55.999900 -0.000100 0.000000 0.000000 -1.000000 0.000000 1.000000 0.000000 1.000000 0.000000 0.000000 2412b.dat
1 14 50.000110 -55.999900 -0.000100 0.000000 0.000000 -1.000000 0.000000 1.000000 0.000000 1.000000 0.000000 0.000000 2412b.dat
1 3 150.000100 -95.999900 40.000000 0.000000 0.000000 1.000000 0.000000 1.000000 0.000000 -1.000000 0.000000 0.000000 3684.dat
1 3 150.000100 -95.999900 0.000000 0.000000 0.000000 1.000000 0.000000 1.000000 0.000000 -1.000000 0.000000 0.000000 3684.dat
1 3 170.000100 -95.999900 0.000000 0.000000 0.000000 -1.000000 0.000000 1.000000 0.000000 1.000000 0.000000 0.000000 3684.dat
1 3 170.000100 -95.999900 39.999920 0.000000 0.000000 -1.000001 0.000000 1.000000 0.000000 1.000001 0.000000 0.000000 3684.dat
1 3 -170.000000 -96.000000 40.000020 0.000000 0.000000 1.000000 0.000000 1.000000 0.000000 -1.000000 0.000000 0.000000 3684.dat
1 3 -170.000000 -96.000000 0.000010 0.000000 0.000000 1.000000 0.000000 1.000000 0.000000 -1.000000 0.000000 0.000000 3684.dat
1 3 -150.000000 -96.000000 0.000010 0.000000 0.000000 -1.000000 0.000000 1.000000 0.000000 1.000000 0.000000 0.000000 3684.dat
1 3 -150.000000 -96.000000 39.999940 0.000000 0.000000 -1.000001 0.000000 1.000000 0.000000 1.000001 0.000000 0.000000 3684.dat
1 3 -69.999900 -120.000000 39.999800 0.000000 0.000000 -1.000000 0.000000 1.000000 0.000000 1.000000 0.000000 0.000000 3684.dat
1 3 70.000100 -120.000000 39.999800 0.000000 0.000000 1.000000 0.000000 1.000000 0.000000 -1.000000 0.000000 0.000000 3684.dat
1 3 0.000100 -120.000000 49.999800 1.000000 0.000000 0.000000 0.000000 1.000000 0.000000 0.000000 0.000000 1.000000 3684.dat
1 14 -69.999900 -71.999900 -70.000100 1.000000 0.000000 0.000000 0.000000 1.000000 0.000000 0.000000 0.000000 1.000000 3040b.dat
1 14 -190.000000 -47.999900 -90.000000 1.000000 0.000000 0.000000 0.000000 1.000000 0.000000 0.000000 0.000000 1.000000 3040b.dat
1 14 70.000100 -71.999900 -70.000200 1.000000 0.000000 0.000000 0.000000 1.000000 0.000000 0.000000 0.000000 1.000000 3040b.dat
1 14 190.000000 -48.000000 -90.000000 1.000000 0.000000 0.000000 0.000000 1.000000 0.000000 0.000000 0.000000 1.000000 3040b.dat
1 14 110.000300 -237.999300 -9.999949 0.000000 0.999998 0.000000 0.999998 0.000000 0.000000 0.000000 0.000000 -1.000000 73590c02b.dat copy
1 14 -69.999750 -237.999900 -50.000340 0.000000 0.000000 -1.000000 1.000000 0.000000 0.000000 0.000000 -1.000000 0.000000 73590c02b.dat copy 2
1 14 -170.000200 -262.000100 70.000110 0.000000 0.000000 1.000000 1.000000 0.000000 0.000000 0.000000 1.000000 0.000000 73590c02b.dat copy 4
1 14 128.705400 -261.999900 -9.326190 0.000000 -0.819153 -0.573575 1.000000 0.000000 0.000000 0.000000 -0.573575 0.819153 73590c02b.dat copy 7
0 NOFILE
0 FILE 73590c02b.dat Copy
0 Hose, Flexible 8.5L with Tabbed Ends Black (Ends different color than Tube)
0 Name:  73590c02b
0 Author:  Thom Kok [thomkok23]
0 FlexibleBrick:  73590c02b.dat
0 FlexibleBrickControlPointUnitLength -1
0 FlexibleBrickLockedControlPoint 
1 16 102.000000 -100.000200 -59.999840 0.000000 1.000000 0.000000 -1.000000 0.000000 0.000000 0.000000 0.000000 1.000000 750.dat
1 16 94.000040 -40.000120 20.000200 0.000000 1.000000 0.000000 -1.000000 0.000000 0.000000 0.000000 0.000000 1.000000 750.dat
1 16 102.000000 -100.000200 -59.999840 0.000000 -1.000000 0.000000 1.000000 0.000000 0.000000 0.000000 0.000000 1.000000 755.dat
1 16 94.000040 -40.000120 20.000200 0.000000 -1.000000 0.000000 1.000000 0.000000 0.000000 0.000000 0.000000 1.000000 755.dat
1 16 96.555710 -99.981590 -59.976360 0.053384 0.997685 0.042113 0.000000 -0.042173 0.999110 0.998574 -0.053337 -0.002251 754.dat
1 16 93.560920 -99.831520 -59.786170 0.064531 0.996625 0.050744 0.000000 -0.050850 0.998706 0.997916 -0.064447 -0.003281 754.dat
1 16 90.591350 -99.548050 -59.426540 0.122949 0.987786 0.095721 0.000000 -0.096452 0.995337 0.992413 -0.122376 -0.011858 754.dat
1 16 87.660560 -99.138160 -58.905920 0.178563 0.974348 0.136973 0.000000 -0.139210 0.990263 0.983928 -0.176824 -0.024858 754.dat
1 16 84.780170 -98.609050 -58.233180 0.231966 0.956934 0.174555 0.000000 -0.179449 0.983767 0.972724 -0.228200 -0.041626 754.dat
1 16 81.960030 -97.968210 -57.417290 0.283225 0.936173 0.208241 0.000000 -0.217131 0.976142 0.959053 -0.276468 -0.061497 754.dat
1 16 79.208390 -97.222820 -56.467120 0.332436 0.912612 0.237960 0.000000 -0.252310 0.967646 0.943126 -0.321680 -0.083877 754.dat
1 16 76.532140 -96.379920 -55.391260 0.379689 0.886727 0.263727 0.000000 -0.285075 0.958505 0.925114 -0.363934 -0.108240 754.dat
1 16 73.937060 -95.446170 -54.197840 0.425115 0.858896 0.285614 0.000000 -0.315547 0.948910 0.905140 -0.403395 -0.134143 754.dat
1 16 71.428040 -94.427860 -52.894510 0.468843 0.829415 0.303739 0.000000 -0.343875 0.939015 0.883281 -0.440251 -0.161223 754.dat
1 16 69.009400 -93.330790 -51.488260 0.511038 0.798474 0.318243 0.000000 -0.370240 0.928936 0.859558 -0.474721 -0.189207 754.dat
1 16 66.685040 -92.160270 -49.985540 0.551840 0.766210 0.329233 0.000000 -0.394788 0.918772 0.833950 -0.507016 -0.217860 754.dat
1 16 64.458680 -90.921130 -48.392140 0.591403 0.732665 0.336815 0.000000 -0.417689 0.908590 0.806376 -0.537342 -0.247023 754.dat
1 16 62.334000 -89.617930 -46.713340 0.629851 0.697841 0.341037 0.000000 -0.439076 0.898450 0.776716 -0.565889 -0.276552 754.dat
1 16 60.314840 -88.254700 -44.953960 0.667287 0.661678 0.341922 0.000000 -0.459078 0.888396 0.744800 -0.592815 -0.306337 754.dat
1 16 58.405260 -86.835250 -43.118360 0.703789 0.624073 0.339432 0.000000 -0.477798 0.878469 0.710409 -0.618257 -0.336269 754.dat
1 16 56.609710 -85.363100 -41.210680 0.739377 0.584897 0.333493 0.000000 -0.495317 0.868712 0.673292 -0.642305 -0.366226 754.dat
1 16 54.932980 -83.841670 -39.234800 0.774012 0.544010 0.323973 0.000000 -0.511667 0.859184 0.633171 -0.665018 -0.396036 754.dat
1 16 53.380320 -82.274300 -37.194550 0.807592 0.501251 0.310714 0.000000 -0.526864 0.849950 0.589742 -0.686412 -0.425491 754.dat
1 16 51.957460 -80.664310 -35.093820 0.839917 0.456470 0.293556 0.000000 -0.540902 0.841086 0.542715 -0.706442 -0.454312 754.dat
1 16 50.670460 -79.015200 -32.936660 0.870702 0.409534 0.272324 0.000000 -0.553716 0.832705 0.491811 -0.725038 -0.482122 754.dat
1 16 49.525760 -77.330600 -30.727440 0.899557 0.360333 0.246897 0.000000 -0.565234 0.824930 0.436804 -0.742072 -0.508460 754.dat
1 16 48.530020 -75.614440 -28.470950 0.925989 0.308800 0.217226 0.000000 -0.575355 0.817904 0.377551 -0.757370 -0.532772 754.dat
1 16 47.690020 -73.870960 -26.172520 0.949417 0.254924 0.183363 0.000000 -0.583923 0.811809 0.314019 -0.770745 -0.554387 754.dat
1 16 47.012500 -72.104930 -23.838050 0.969188 0.198741 0.145523 0.000000 -0.590781 0.806832 0.246323 -0.781971 -0.572578 756.dat
1 16 46.503970 -70.321540 -21.474120 0.984612 0.140359 0.104112 0.000000 -0.595755 0.803166 0.174757 -0.790807 -0.586587 754.dat
1 16 46.170550 -68.526520 -19.088010 -0.995007 -0.079943 0.059750 0.000000 0.598672 0.800995 -0.099805 0.796995 -0.595682 754.dat
1 16 46.017810 -66.726040 -16.687730 -0.999754 -0.017722 0.013269 0.000000 0.599357 0.800482 -0.022139 0.800286 -0.599209 754.dat
1 16 46.050590 -64.926780 -14.281990 -0.998352 0.046010 -0.034297 0.000000 0.597648 0.801758 0.057386 0.800437 -0.596663 754.dat
1 16 46.272800 -63.135840 -11.880160 -0.990462 0.110905 -0.081763 0.000000 0.593403 0.804905 0.137786 0.797228 -0.587743 754.dat
1 16 46.687310 -61.360710 -9.492180 -0.975955 0.176546 -0.127841 0.000000 0.586504 0.809946 0.217972 0.790471 -0.572402 754.dat
1 16 47.295740 -59.609170 -7.128510 -0.954919 0.242492 -0.171253 0.000000 0.576869 0.816837 0.296867 0.780013 -0.550863 754.dat
1 16 48.098440 -57.889180 -4.799960 -0.927658 0.308254 -0.210785 0.000000 0.564454 0.825465 0.373431 0.765749 -0.523620 754.dat
1 16 49.094300 -56.208800 -2.517620 -0.894662 0.373322 -0.245377 0.000000 0.549257 0.835653 0.446743 0.747628 -0.491399 754.dat
1 16 50.280820 -54.576020 -0.292620 -0.856550 0.437199 -0.274188 0.000000 0.531306 0.847180 0.516064 0.725652 -0.455090 754.dat
1 16 51.654080 -52.998760 1.863930 -0.814022 0.499385 -0.296617 0.000000 0.510675 0.859774 0.580833 0.699875 -0.415701 754.dat
1 16 53.208700 -51.484650 3.941130 -0.767808 0.559400 -0.312317 0.000000 0.487477 0.873136 0.640680 0.670401 -0.374289 754.dat
1 16 54.938060 -50.041020 5.928420 -0.718625 0.616786 -0.321173 0.000000 0.461856 0.886955 0.695397 0.637388 -0.331901 754.dat
1 16 56.834190 -48.674700 7.815740 -0.667122 0.671144 -0.323285 0.000000 0.433970 0.900928 0.744948 0.601029 -0.289511 754.dat
1 16 58.888060 -47.392120 9.593570 -0.613892 0.722091 -0.318937 0.000000 0.404030 0.914746 0.789390 0.561555 -0.248031 754.dat
1 16 61.089590 -46.199070 11.253090 -0.559422 0.769316 -0.308543 0.000000 0.372239 0.928137 0.828883 0.519221 -0.208239 754.dat
1 16 63.427830 -45.100740 12.786200 -0.504130 0.812544 -0.292618 0.000000 0.338825 0.940849 0.863628 0.474310 -0.170811 754.dat
1 16 65.891100 -44.101700 14.185640 -0.448336 0.851556 -0.271748 0.000000 0.304014 0.952667 0.893865 0.427116 -0.136300 754.dat
1 16 68.467140 -43.205880 15.444960 -0.392302 0.886176 -0.246557 0.000000 0.268045 0.963406 0.919836 0.377946 -0.105155 754.dat
1 16 71.143140 -42.416480 16.558600 -0.336215 0.916279 -0.217696 0.000000 0.231153 0.972917 0.941785 0.327109 -0.077717 754.dat
1 16 73.906040 -41.736080 17.521880 -0.280218 0.941777 -0.185831 0.000000 0.193587 0.981083 0.959936 0.274918 -0.054246 754.dat
1 16 76.742500 -41.166560 18.330980 -0.224417 0.962633 -0.151571 0.000000 0.155538 0.987830 0.974493 0.221686 -0.034905 754.dat
1 16 79.639110 -40.709240 18.982990 -0.168871 0.978840 -0.115563 0.000000 0.117247 0.993103 0.985638 0.167706 -0.019799 754.dat
1 16 82.582430 -40.364780 19.475830 -0.113636 0.990424 -0.078407 0.000000 0.078919 0.996881 0.993522 0.113282 -0.008968 754.dat
1 16 85.559120 -40.133230 19.808270 -0.058269 0.997485 -0.040342 0.000000 0.040411 0.999183 0.998301 0.058221 -0.002355 754.dat
1 16 88.555980 -40.014110 19.979900 -0.046341 0.998415 -0.031921 0.000000 0.031955 0.999489 0.998925 0.046318 -0.001481 754.dat
0 NOFILE
0 FILE 73590c02b.dat Copy 2
0 Hose, Flexible 8.5L with Tabbed Ends Black (Ends different color than Tube)
0 Name:  73590c02b
0 Author:  Thom Kok [thomkok23]
0 FlexibleBrick:  73590c02b.dat
0 FlexibleBrickControlPointUnitLength -1
0 FlexibleBrickLockedControlPoint 
1 16 102.000000 -100.000200 -59.999840 0.000000 1.000000 0.000000 -1.000000 0.000000 0.000000 0.000000 0.000000 1.000000 750.dat
1 16 94.000030 -20.000140 0.000130 0.000000 1.000000 0.000000 -1.000000 0.000000 0.000000 0.000000 0.000000 1.000000 750.dat
1 16 102.000000 -100.000200 -59.999840 0.000000 -1.000000 0.000000 1.000000 0.000000 0.000000 0.000000 0.000000 1.000000 755.dat
1 16 94.000030 -20.000140 0.000130 0.000000 -1.000000 0.000000 1.000000 0.000000 0.000000 0.000000 0.000000 1.000000 755.dat
1 16 96.555950 -99.978730 -59.986800 0.029746 0.998367 0.048771 0.000000 -0.048793 0.998809 0.999557 -0.029710 -0.001451 754.dat
1 16 93.558930 -99.802020 -59.877980 0.036970 0.997522 0.059865 0.000000 -0.059906 0.998204 0.999316 -0.036904 -0.002215 754.dat
1 16 90.581070 -99.464450 -59.668620 0.071793 0.990808 0.114654 0.000000 -0.114950 0.993371 0.997420 -0.071317 -0.008253 754.dat
1 16 87.633780 -98.970550 -59.360140 0.106432 0.980203 0.166952 0.000000 -0.167906 0.985803 0.994320 -0.104921 -0.017870 754.dat
1 16 84.727790 -98.325370 -58.954300 0.141349 0.965904 0.216910 0.000000 -0.219110 0.975700 0.989960 -0.137914 -0.030971 754.dat
1 16 81.873160 -97.534270 -58.453090 0.176696 0.948140 0.264212 0.000000 -0.268436 0.963297 0.984265 -0.170211 -0.047431 754.dat
1 16 79.079310 -96.603000 -57.858720 0.212609 0.927141 0.308555 0.000000 -0.315774 0.948834 0.977137 -0.201731 -0.067136 754.dat
1 16 76.355040 -95.537540 -57.173580 0.249224 0.903127 0.349641 0.000000 -0.361033 0.932553 0.968446 -0.232414 -0.089978 754.dat
1 16 73.708600 -94.343970 -56.400240 0.286669 0.876288 0.387220 0.000000 -0.404184 0.914678 0.958030 -0.262210 -0.115867 754.dat
1 16 71.147670 -93.028480 -55.541380 0.325054 0.846817 0.420999 0.000000 -0.445174 0.895444 0.945695 -0.291068 -0.144705 754.dat
1 16 68.679460 -91.597400 -54.599780 0.364487 0.814884 0.450681 0.000000 -0.483974 0.875082 0.931208 -0.318956 -0.176402 754.dat
1 16 66.310760 -90.057090 -53.578320 0.405050 0.780635 0.475966 0.000000 -0.520582 0.853811 0.914294 -0.345836 -0.210862 754.dat
1 16 64.047940 -88.413890 -52.479980 0.446821 0.744202 0.496501 0.000000 -0.554984 0.831861 0.894623 -0.371693 -0.247978 754.dat
1 16 61.897060 -86.674210 -51.307740 0.489831 0.705699 0.511911 0.000000 -0.587177 0.809458 0.871817 -0.396498 -0.287618 754.dat
1 16 59.863920 -84.844420 -50.064740 0.534063 0.665227 0.521776 0.000000 -0.617161 0.786837 0.845445 -0.420220 -0.329603 754.dat
1 16 57.954010 -82.930910 -48.754140 0.579441 0.622871 0.525623 0.000000 -0.644925 0.764245 0.815014 -0.442835 -0.373696 754.dat
1 16 56.172620 -80.940120 -47.379240 0.625791 0.578706 0.522958 0.000000 -0.670466 0.741940 0.779991 -0.464299 -0.419571 754.dat
1 16 54.524840 -78.878490 -45.943460 0.672823 0.532800 0.513257 0.000000 -0.693775 0.720192 0.739803 -0.484562 -0.466788 754.dat
1 16 53.015590 -76.752540 -44.450360 0.720115 0.485215 0.495985 0.000000 -0.714825 0.699303 0.693855 -0.503578 -0.514756 754.dat
1 16 51.649600 -74.568810 -42.903640 0.767056 0.436011 0.470659 0.000000 -0.733592 0.679590 0.641580 -0.521283 -0.562706 754.dat
1 16 50.431470 -72.333980 -41.307250 0.812842 0.385248 0.436890 0.000000 -0.750045 0.661386 0.582485 -0.537603 -0.609668 754.dat
1 16 49.365580 -70.054800 -39.665320 0.856456 0.332989 0.394464 0.000000 -0.764138 0.645053 0.516220 -0.552459 -0.654450 754.dat
1 16 48.456100 -67.738180 -37.982220 0.896676 0.279316 0.343446 0.000000 -0.775819 0.630955 0.442688 -0.565762 -0.695659 754.dat
1 16 47.707030 -65.391180 -36.262600 0.932144 0.224299 0.284250 0.000000 -0.785029 0.619459 0.362089 -0.577424 -0.731760 754.dat
1 16 47.122080 -63.021060 -34.511340 0.961425 0.168041 0.217770 0.000000 -0.791699 0.610911 0.275066 -0.587346 -0.761159 756.dat
1 16 46.704680 -60.635270 -32.733650 0.983166 0.110654 0.145398 0.000000 -0.795762 0.605609 0.182715 -0.595414 -0.782366 754.dat
1 16 46.457920 -58.241440 -30.935040 -0.996247 -0.052259 0.068995 0.000000 0.797147 0.603785 -0.086552 0.601519 -0.794156 754.dat
1 16 46.384500 -55.847400 -29.121360 -0.999933 0.007005 -0.009205 0.000000 0.795782 0.605583 0.011567 0.605543 -0.795728 754.dat
1 16 46.486720 -53.461220 -27.298770 -0.993977 0.066963 -0.086748 0.000000 0.791591 0.611052 0.109586 0.607371 -0.786823 754.dat
1 16 46.766360 -51.091150 -25.473780 -0.978657 0.127433 -0.161214 0.000000 0.784506 0.620122 0.205497 0.606887 -0.767762 754.dat
1 16 47.224620 -48.745640 -23.653210 -0.954722 0.188208 -0.230399 0.000000 0.774452 0.632633 0.297500 0.603988 -0.739386 754.dat
1 16 47.862100 -46.433360 -21.844160 -0.923273 0.249042 -0.292478 0.000000 0.761380 0.648305 0.384142 0.598563 -0.702962 754.dat
1 16 48.678730 -44.163060 -20.054040 -0.885597 0.309698 -0.346128 0.000000 0.745237 0.666799 0.464454 0.590516 -0.659980 754.dat
1 16 49.673660 -41.943680 -18.290530 -0.843042 0.369878 -0.390474 0.000000 0.725994 0.687701 0.537848 0.579761 -0.612043 754.dat
1 16 50.845230 -39.784190 -16.561540 -0.796862 0.429299 -0.425102 0.000000 0.703625 0.710571 0.604160 0.566228 -0.560692 754.dat
1 16 52.190920 -37.693630 -14.875150 -0.748180 0.487622 -0.449945 0.000000 0.678144 0.734929 0.663495 0.549859 -0.507374 754.dat
1 16 53.707250 -35.680980 -13.239590 -0.697908 0.544517 -0.465215 0.000000 0.649572 0.760300 0.716187 0.530620 -0.453341 754.dat
1 16 55.389800 -33.755120 -11.663180 -0.646773 0.599624 -0.471312 0.000000 0.617967 0.786204 0.762682 0.508496 -0.399685 754.dat
1 16 57.233120 -31.924770 -10.154250 -0.595315 0.652586 -0.468755 0.000000 0.583398 0.812187 0.803492 0.483507 -0.347305 754.dat
1 16 59.230720 -30.198420 -8.721040 -0.543912 0.703034 -0.458151 0.000000 0.545976 0.837801 0.839142 0.455690 -0.296963 754.dat
1 16 61.375070 -28.584220 -7.371700 -0.492821 0.750602 -0.440141 0.000000 0.505834 0.862631 0.870131 0.425122 -0.249285 754.dat
1 16 63.657640 -27.089940 -6.114100 -0.442178 0.794935 -0.415400 0.000000 0.463136 0.886287 0.896927 0.391896 -0.204788 754.dat
1 16 66.068860 -25.722860 -4.955880 -0.392046 0.835692 -0.384601 0.000000 0.418069 0.908415 0.919945 0.356141 -0.163902 754.dat
1 16 68.598240 -24.489700 -3.904250 -0.342433 0.872546 -0.348429 0.000000 0.370850 0.928693 0.939542 0.318015 -0.126991 754.dat
1 16 71.234330 -23.396600 -2.965980 -0.293299 0.905189 -0.307584 0.000000 0.321734 0.946830 0.956021 0.277704 -0.094364 754.dat
1 16 73.964860 -22.448890 -2.147310 -0.244579 0.933346 -0.262768 0.000000 0.270999 0.962580 0.969629 0.235427 -0.066280 754.dat
1 16 76.776750 -21.651170 -1.453820 -0.196187 0.956775 -0.214689 0.000000 0.218944 0.975737 0.980566 0.191427 -0.042954 754.dat
1 16 79.656300 -21.007140 -0.890420 -0.148021 0.975280 -0.164069 0.000000 0.165897 0.986143 0.988984 0.145970 -0.024556 754.dat
1 16 82.589220 -20.519600 -0.461240 -0.099973 0.988708 -0.111629 0.000000 0.112191 0.993687 0.994990 0.099342 -0.011216 754.dat
1 16 85.560830 -20.190360 -0.169620 -0.051503 0.997009 -0.057624 0.000000 0.057701 0.998334 0.998673 0.051418 -0.002972 754.dat
1 16 88.556160 -20.020270 -0.018010 -0.041406 0.998088 -0.045877 0.000000 0.045916 0.998945 0.999142 0.041362 -0.001901 754.dat
0 NOFILE
0 FILE 73590c02b.dat Copy 4
0 Hose, Flexible 8.5L with Tabbed Ends Black (Ends different color than Tube)
0 Name:  73590c02b
0 Author:  Thom Kok [thomkok23]
0 FlexibleBrick:  73590c02b.dat
0 FlexibleBrickControlPointUnitLength -1
0 FlexibleBrickLockedControlPoint 
1 16 70.000060 -60.000120 -19.999800 0.000000 1.000000 0.000000 -1.000000 0.000000 0.000000 0.000000 0.000000 1.000000 750.dat
1 16 94.000040 -40.000120 20.000200 0.000000 1.000000 0.000000 -1.000000 0.000000 0.000000 0.000000 0.000000 1.000000 750.dat
1 16 70.000060 -60.000120 -19.999800 0.000000 -1.000000 0.000000 1.000000 0.000000 0.000000 0.000000 0.000000 1.000000 755.dat
1 16 94.000040 -40.000120 20.000200 0.000000 -1.000000 0.000000 1.000000 0.000000 0.000000 0.000000 0.000000 1.000000 755.dat
1 16 64.551270 -59.993580 -19.999990 -0.000241 0.999894 0.014527 0.000000 -0.014527 0.999894 1.000000 0.000241 0.000004 754.dat
1 16 61.542780 -59.951080 -19.992570 0.002575 0.999893 0.014375 0.000000 -0.014374 0.999897 0.999997 -0.002575 -0.000037 754.dat
1 16 58.535160 -59.871090 -19.968820 0.008254 0.999596 0.027189 0.000000 -0.027190 0.999630 0.999966 -0.008251 -0.000224 754.dat
1 16 55.529060 -59.754320 -19.919540 0.017103 0.999067 0.039643 0.000000 -0.039648 0.999214 0.999854 -0.017090 -0.000678 754.dat
1 16 52.525420 -59.600720 -19.834920 0.029385 0.998208 0.052123 0.000000 -0.052145 0.998639 0.999568 -0.029345 -0.001532 754.dat
1 16 49.525640 -59.409320 -19.704160 0.045461 0.996853 0.064942 0.000000 -0.065009 0.997885 0.998966 -0.045365 -0.002955 754.dat
1 16 46.531840 -59.178100 -19.515160 0.065822 0.994743 0.078447 0.000000 -0.078617 0.996905 0.997831 -0.065618 -0.005175 754.dat
1 16 43.547180 -58.903800 -19.254230 0.091089 0.991489 0.093019 0.000000 -0.093407 0.995628 0.995843 -0.090690 -0.008508 754.dat
1 16 40.576340 -58.581810 -18.905770 0.121990 0.986523 0.109045 0.000000 -0.109865 0.993946 0.992531 -0.121251 -0.013402 754.dat
1 16 37.626240 -58.206100 -18.452180 0.159336 0.979041 0.126847 0.000000 -0.128489 0.991711 0.987224 -0.158015 -0.020473 754.dat
1 16 34.706740 -57.769260 -17.873860 0.203984 0.967932 0.146619 0.000000 -0.149768 0.988721 0.978974 -0.201683 -0.030550 754.dat
1 16 31.831740 -57.262620 -17.149470 0.256764 0.951709 0.168289 0.000000 -0.174127 0.984723 0.966474 -0.252841 -0.044709 754.dat
1 16 29.020320 -56.676610 -16.256540 0.318375 0.928454 0.191338 0.000000 -0.201841 0.979418 0.947965 -0.311822 -0.064261 754.dat
1 16 26.297960 -56.001420 -15.172640 0.389216 0.895805 0.214578 0.000000 -0.232946 0.972490 0.921146 -0.378509 -0.090666 754.dat
1 16 23.697700 -55.227820 -13.876980 0.469179 0.851011 0.235908 0.000000 -0.267135 0.963659 0.883103 -0.452128 -0.125334 754.dat
1 16 21.260860 -54.348460 -12.352870 0.557302 0.791115 0.252094 0.000000 -0.303614 0.952795 0.830310 -0.530995 -0.169205 754.dat
1 16 19.036910 -53.359390 -10.590610 0.651346 0.713300 0.258749 0.000000 -0.341006 0.940061 0.758781 -0.612305 -0.222113 754.dat
1 16 17.082190 -52.261800 -8.590830 0.747272 0.615400 0.250733 0.000000 -0.377315 0.926085 0.664518 -0.692037 -0.281957 754.dat
1 16 15.456800 -51.063580 -6.367750 0.838829 0.496530 0.223211 0.000000 -0.410017 0.912078 0.544394 -0.765078 -0.343934 754.dat
1 16 14.219950 -49.780420 -3.951400 0.917582 0.357721 0.173433 0.000000 -0.436259 0.899821 0.397547 -0.825660 -0.400303 754.dat
1 16 13.423730 -48.436140 -1.388200 0.973893 0.202349 0.102893 0.000000 -0.453259 0.891379 0.227007 -0.868108 -0.441426 754.dat
1 16 13.106520 -47.061490 1.260960 0.999174 0.036118 0.018649 0.000000 -0.458799 0.888540 0.040648 -0.887806 -0.458420 754.dat
1 16 13.287370 -45.691940 3.925320 0.988739 -0.133514 -0.067592 0.000000 -0.451672 0.892184 -0.149649 -0.882137 -0.446586 754.dat
1 16 13.962730 -44.364280 6.530860 0.943677 -0.298405 -0.142927 0.000000 -0.431975 0.901885 -0.330868 -0.851088 -0.407645 754.dat
1 16 15.106660 -43.112900 9.007790 0.870388 -0.451021 -0.197499 0.000000 -0.401120 0.916025 -0.492367 -0.797297 -0.349130 756.dat
1 16 16.674280 -41.966510 11.297230 0.778165 -0.585577 -0.227068 0.000000 -0.361538 0.932357 -0.628060 -0.725527 -0.281336 754.dat
1 16 18.607770 -40.946040 13.355830 -0.676457 0.698690 -0.232891 0.000000 0.316221 0.948685 0.736482 0.641745 -0.213910 754.dat
1 16 20.843260 -40.063700 15.157640 -0.573095 0.789462 -0.219797 0.000000 0.268213 0.963360 0.819489 0.552097 -0.153711 754.dat
1 16 23.317310 -39.323490 16.693430 -0.473704 0.859070 -0.193917 0.000000 0.220189 0.975457 0.880684 0.462078 -0.104304 754.dat
1 16 25.971820 -38.722590 17.968090 -0.381857 0.910085 -0.161027 0.000000 0.174230 0.984705 0.924221 0.376017 -0.066531 754.dat
1 16 28.756990 -38.253120 18.997140 -0.299532 0.945771 -0.125692 0.000000 0.131741 0.991284 0.954086 0.296922 -0.039461 754.dat
1 16 31.632520 -37.903940 19.803110 -0.227553 0.969497 -0.091083 0.000000 0.093537 0.995616 0.973766 0.226555 -0.021284 754.dat
1 16 34.567420 -37.662220 20.412310 -0.165962 0.984360 -0.059096 0.000000 0.059928 0.998203 0.986132 0.165664 -0.009946 754.dat
1 16 37.539000 -37.514620 20.852280 -0.114304 0.992971 -0.030696 0.000000 0.030898 0.999522 0.993446 0.114249 -0.003532 754.dat
1 16 40.531390 -37.448100 21.150010 -0.071817 0.997398 -0.006203 0.000000 0.006219 0.999980 0.997418 0.071816 -0.000446 754.dat
1 16 43.534080 -37.450410 21.330760 -0.037571 0.999189 0.014463 0.000000 -0.014473 0.999895 0.999294 0.037567 0.000544 754.dat
1 16 46.540530 -37.510370 21.417360 -0.010582 0.999446 0.031557 0.000000 -0.031559 0.999502 0.999944 0.010577 0.000334 754.dat
1 16 49.546980 -37.617900 21.429980 0.010149 0.998916 0.045420 0.000000 -0.045423 0.998968 0.999948 -0.010138 -0.000461 754.dat
1 16 52.551590 -37.763940 21.385980 0.025576 0.998080 0.056403 0.000000 -0.056421 0.998407 0.999673 -0.025535 -0.001443 754.dat
1 16 55.553700 -37.940490 21.300060 0.036578 0.997226 0.064828 0.000000 -0.064871 0.997894 0.999331 -0.036501 -0.002373 754.dat
1 16 58.553390 -38.140340 21.184460 0.043948 0.996511 0.070957 0.000000 -0.071026 0.997474 0.999034 -0.043837 -0.003121 754.dat
1 16 61.551100 -38.357000 21.049210 0.048387 0.996009 0.074996 0.000000 -0.075084 0.997177 0.998829 -0.048250 -0.003633 754.dat
1 16 64.547480 -38.584500 20.902390 0.050523 0.995739 0.077145 0.000000 -0.077243 0.997012 0.998723 -0.050372 -0.003903 754.dat
1 16 67.543200 -38.817280 20.750460 0.050164 0.995792 0.076689 0.000000 -0.076786 0.997047 0.998741 -0.050016 -0.003852 754.dat
1 16 70.539210 -39.047590 20.600560 0.048279 0.996061 0.074371 0.000000 -0.074458 0.997224 0.998834 -0.048144 -0.003594 754.dat
1 16 73.536090 -39.270240 20.456760 0.044576 0.996585 0.069509 0.000000 -0.069578 0.997576 0.999006 -0.044468 -0.003101 754.dat
1 16 76.534600 -39.477580 20.324440 0.039162 0.997311 0.061947 0.000000 -0.061994 0.998076 0.999233 -0.039087 -0.002428 754.dat
1 16 79.535280 -39.661740 20.208460 0.032135 0.998152 0.051567 0.000000 -0.051593 0.998668 0.999483 -0.032092 -0.001658 754.dat
1 16 82.538420 -39.814570 20.113480 0.023500 0.998992 0.038231 0.000000 -0.038241 0.999268 0.999724 -0.023483 -0.000898 754.dat
1 16 85.544020 -39.927490 20.044190 0.013081 0.999682 0.021539 0.000000 -0.021541 0.999768 0.999914 -0.013078 -0.000282 754.dat
1 16 88.551600 -39.991300 20.005460 0.011796 0.999735 0.019743 0.000000 -0.019744 0.999805 0.999930 -0.011794 -0.000233 754.dat
0 NOFILE
0 FILE 73590c02b.dat Copy 7
0 Hose, Flexible 8.5L with Tabbed Ends Black (Ends different color than Tube)
0 Name:  73590c02b
0 Author:  Thom Kok [thomkok23]
0 FlexibleBrick:  73590c02b.dat
0 FlexibleBrickControlPointUnitLength -1
0 FlexibleBrickLockedControlPoint 
1 16 70.000060 -61.294780 -19.326040 0.000000 1.000000 0.000000 -0.819153 0.000000 -0.573575 -0.573575 0.000000 0.819153 750.dat
1 16 94.000040 -40.000120 20.000200 0.000000 1.000000 0.000000 -1.000000 0.000000 0.000000 0.000000 0.000000 1.000000 750.dat
1 16 70.000060 -61.294780 -19.326040 0.000000 -1.000000 0.000000 0.819153 0.000000 -0.573575 0.573575 0.000000 0.819153 755.dat
1 16 94.000040 -40.000120 20.000200 0.000000 -1.000000 0.000000 1.000000 0.000000 0.000000 0.000000 0.000000 1.000000 755.dat
1 16 64.552960 -61.295190 -19.331560 -0.011971 0.999928 -0.000752 0.000000 0.000752 1.000000 0.999928 0.011971 -0.000009 754.dat
1 16 61.545920 -61.289580 -19.350990 -0.006447 0.999977 0.001965 0.000000 -0.001965 0.999998 0.999979 0.006448 0.000013 754.dat
1 16 58.538930 -61.269620 -19.368890 -0.005751 0.999959 0.006956 0.000000 -0.006956 0.999976 0.999983 0.005750 0.000040 754.dat
1 16 55.532160 -61.226660 -19.367340 0.001202 0.999888 0.014929 0.000000 -0.014929 0.999888 0.999999 -0.001202 -0.000018 754.dat
1 16 52.526320 -61.151820 -19.328240 0.014425 0.999558 0.025980 0.000000 -0.025983 0.999662 0.999896 -0.014420 -0.000375 754.dat
1 16 49.523100 -61.035880 -19.233100 0.034070 0.998610 0.040204 0.000000 -0.040227 0.999190 0.999419 -0.034043 -0.001370 754.dat
1 16 46.525680 -60.869310 -19.062980 0.060340 0.996510 0.057683 0.000000 -0.057788 0.998329 0.998178 -0.060239 -0.003487 754.dat
1 16 43.539230 -60.642240 -18.798420 0.093474 0.992528 0.078430 0.000000 -0.078774 0.996892 0.995622 -0.093183 -0.007363 754.dat
1 16 40.571510 -60.344540 -18.419540 0.133738 0.985718 0.102346 0.000000 -0.103273 0.994653 0.991017 -0.133023 -0.013811 754.dat
1 16 37.633550 -59.966000 -17.906270 0.181378 0.974900 0.129122 0.000000 -0.131300 0.991343 0.983414 -0.179807 -0.023815 754.dat
1 16 34.740270 -59.496640 -17.238760 0.236586 0.958654 0.158145 0.000000 -0.162765 0.986665 0.971611 -0.233430 -0.038508 754.dat
1 16 31.911160 -58.927000 -16.397990 0.299438 0.935335 0.188377 0.000000 -0.197436 0.980316 0.954116 -0.293543 -0.059120 754.dat
1 16 29.170730 -58.248820 -15.366710 0.369801 0.903122 0.218216 0.000000 -0.234865 0.972028 0.929111 -0.359456 -0.086853 754.dat
1 16 26.548920 -57.455580 -14.130520 0.447206 0.860109 0.245396 0.000000 -0.274359 0.961627 0.894431 -0.430045 -0.122695 754.dat
1 16 24.080930 -56.543380 -12.679340 0.530675 0.804446 0.266928 0.000000 -0.314931 0.949114 0.847575 -0.503671 -0.167126 754.dat
1 16 21.806750 -55.511780 -11.008870 0.618477 0.734539 0.279176 0.000000 -0.355274 0.934762 0.785803 -0.578129 -0.219729 754.dat
1 16 19.769930 -54.364620 -9.122230 0.707848 0.649293 0.278156 0.000000 -0.393785 0.919202 0.706365 -0.650655 -0.278740 754.dat
1 16 18.015650 -53.110820 -7.031270 0.794736 0.548373 0.260155 0.000000 -0.428624 0.903483 0.606955 -0.718031 -0.340643 754.dat
1 16 16.588200 -51.764720 -4.757570 0.873722 0.432447 0.222707 0.000000 -0.457845 0.889032 0.486425 -0.776767 -0.400030 754.dat
1 16 15.527840 -50.346120 -2.332580 0.938355 0.303331 0.165772 0.000000 -0.479562 0.877508 0.345673 -0.823414 -0.449999 754.dat
1 16 14.867560 -48.879720 0.203080 0.982090 0.164015 0.092731 0.000000 -0.492163 0.870503 0.188414 -0.854912 -0.483348 754.dat
1 16 14.630050 -47.394000 2.801360 0.999773 0.018503 0.010527 0.000000 -0.494516 0.869168 0.021288 -0.868971 -0.494404 754.dat
1 16 14.825380 -45.919580 5.409510 0.989126 -0.128523 -0.071495 0.000000 -0.486128 0.873888 -0.147071 -0.864385 -0.480841 754.dat
1 16 15.449890 -44.487320 7.973380 0.951440 -0.272167 -0.143831 0.000000 -0.467235 0.884133 -0.307835 -0.841199 -0.444546 754.dat
1 16 16.486370 -43.126270 10.440960 0.891079 -0.407826 -0.199139 0.000000 -0.438779 0.898595 -0.453849 -0.800719 -0.390987 756.dat
1 16 17.905600 -41.861860 12.765670 0.814110 -0.531649 -0.233612 0.000000 -0.402287 0.915514 -0.580711 -0.745329 -0.327506 754.dat
1 16 19.668980 -40.714580 14.908880 -0.726820 0.640863 -0.247035 0.000000 0.359676 0.933077 0.686827 0.678180 -0.261420 754.dat
1 16 21.731770 -39.699160 16.841570 -0.634708 0.733915 -0.241896 0.000000 0.313032 0.949742 0.772752 0.602809 -0.198684 754.dat
1 16 24.046420 -38.824460 18.544830 -0.542055 0.810435 -0.222198 0.000000 0.264413 0.964409 0.840343 0.522763 -0.143326 754.dat
1 16 26.565780 -38.093700 20.009490 -0.451932 0.871062 -0.192374 0.000000 0.215654 0.976470 0.892052 0.441298 -0.097461 754.dat
1 16 29.245450 -37.505300 21.235030 -0.366405 0.917184 -0.156589 0.000000 0.168293 0.985737 0.930455 0.361179 -0.061663 754.dat
1 16 32.045620 -37.053700 22.228110 -0.286783 0.950661 -0.118320 0.000000 0.123508 0.992343 0.957995 0.284587 -0.035420 754.dat
1 16 34.932080 -36.730440 23.000860 -0.213822 0.973572 -0.080230 0.000000 0.082130 0.996622 0.976872 0.213100 -0.017561 754.dat
1 16 37.876550 -36.525040 23.569280 -0.147911 0.988013 -0.044188 0.000000 0.044680 0.999001 0.989000 0.147763 -0.006608 754.dat
1 16 40.856600 -36.425810 23.951850 -0.089173 0.995951 -0.011387 0.000000 0.011432 0.999935 0.996016 0.089168 -0.001019 754.dat
1 16 43.855170 -36.420490 24.168380 -0.037567 0.999140 0.017527 0.000000 -0.017539 0.999846 0.999294 0.037562 0.000659 754.dat
1 16 46.859950 -36.496720 24.239100 0.007072 0.999081 0.042267 0.000000 -0.042268 0.999106 0.999975 -0.007066 -0.000299 754.dat
1 16 49.862670 -36.642340 24.184100 0.044968 0.997011 0.062830 0.000000 -0.062893 0.998020 0.998988 -0.044879 -0.002828 754.dat
1 16 52.858340 -36.845610 24.022860 0.076385 0.993916 0.079344 0.000000 -0.079576 0.996829 0.997078 -0.076143 -0.006078 754.dat
1 16 55.844600 -37.095270 23.774100 0.101588 0.990561 0.092024 0.000000 -0.092502 0.995712 0.994826 -0.101152 -0.009397 754.dat
1 16 58.821120 -37.380570 23.455720 0.120825 0.987514 0.101079 0.000000 -0.101825 0.994802 0.992674 -0.120197 -0.012303 754.dat
1 16 61.789060 -37.691170 23.084780 0.134314 0.985177 0.106704 0.000000 -0.107679 0.994185 0.990939 -0.133533 -0.014463 754.dat
1 16 64.750660 -38.017100 22.677660 0.142217 0.983813 0.109027 0.000000 -0.110146 0.993915 0.989835 -0.141351 -0.015664 754.dat
1 16 67.708800 -38.348620 22.250260 0.144635 0.983559 0.108128 0.000000 -0.109277 0.994011 0.989485 -0.143769 -0.015805 754.dat
1 16 70.666710 -38.676050 21.818170 0.141609 0.984446 0.103990 0.000000 -0.105048 0.994467 0.989923 -0.140825 -0.014876 754.dat
1 16 73.627670 -38.989660 21.396880 0.133115 0.986388 0.096531 0.000000 -0.097397 0.995245 0.991100 -0.132482 -0.012965 754.dat
1 16 76.594660 -39.279520 21.002060 0.119058 0.989192 0.085585 0.000000 -0.086198 0.996278 0.992887 -0.118615 -0.010262 754.dat
1 16 79.570080 -39.535340 20.649740 0.099286 0.992526 0.070950 0.000000 -0.071302 0.997455 0.995059 -0.099033 -0.007079 754.dat
1 16 82.555320 -39.746360 20.356480 0.073598 0.995912 0.052375 0.000000 -0.052517 0.998620 0.997288 -0.073496 -0.003865 754.dat
1 16 85.550410 -39.901290 20.139570 0.041399 0.998711 0.029355 0.000000 -0.029380 0.999568 0.999143 -0.041380 -0.001216 754.dat
1 16 88.553460 -39.988250 20.017070 0.037901 0.998926 0.026658 0.000000 -0.026677 0.999644 0.999281 -0.037887 -0.001011 754.dat
0 NOFILE
