0 FILE TeleportPad.io
0 Untitled Model
0 Name:  TeleportPad
0 Author:  Simon Eriksson
0 CustomBrick
0 FlexibleBrickControlPointUnitLength -1
0 FlexibleBrickLockedControlPoint 
0 NumOfBricks:  25
1 8 0.000000 -24.000000 0.000000 1.000000 0.000000 0.000000 0.000000 1.000000 0.000000 0.000000 0.000000 1.000000 4201.dat
1 0 10.000000 -48.000000 70.000000 1.000000 0.000000 0.000000 0.000000 1.000000 0.000000 0.000000 0.000000 1.000000 3622.dat
1 0 10.000000 -48.000000 -70.000000 1.000000 0.000000 0.000000 0.000000 1.000000 0.000000 0.000000 0.000000 1.000000 3622.dat
1 42 -30.000000 -48.000000 70.000000 1.000000 0.000000 0.000000 0.000000 1.000000 0.000000 0.000000 0.000000 1.000000 4589.dat
1 42 -30.000000 -48.000000 -70.000000 1.000000 0.000000 0.000000 0.000000 1.000000 0.000000 0.000000 0.000000 1.000000 4589.dat
1 7 20.000000 -56.000000 70.000000 1.000000 0.000000 0.000000 0.000000 1.000000 0.000000 0.000000 0.000000 1.000000 3710.dat
1 7 20.000000 -56.000000 -70.000000 1.000000 0.000000 0.000000 0.000000 1.000000 0.000000 0.000000 0.000000 1.000000 3710.dat
1 7 20.000000 -104.000000 70.000000 1.000000 0.000000 0.000000 0.000000 1.000000 0.000000 0.000000 0.000000 1.000000 4083.dat
1 38 30.000000 -112.000000 70.000000 1.000000 0.000000 0.000000 0.000000 1.000000 0.000000 0.000000 0.000000 1.000000 6141.dat
1 14 40.000000 -32.000000 -50.000000 1.000000 0.000000 0.000000 0.000000 1.000000 0.000000 0.000000 0.000000 1.000000 2431p52.dat
1 14 40.000000 -32.000000 50.000000 1.000000 0.000000 0.000000 0.000000 1.000000 0.000000 0.000000 0.000000 1.000000 2431p52.dat
1 0 -60.000000 -128.000000 70.000000 1.000000 0.000000 0.000000 0.000000 1.000000 0.000000 0.000000 0.000000 1.000000 2432.dat
1 0 -60.000000 -128.000000 -70.000000 -1.000000 0.000000 0.000000 0.000000 1.000000 0.000000 0.000000 0.000000 -1.000000 2432.dat
1 0 60.000000 -32.000000 0.000000 0.000000 0.000000 -1.000000 0.000000 1.000000 0.000000 1.000000 0.000000 0.000000 3068bp00.dat
1 7 20.000000 -104.000000 -70.000000 1.000000 0.000000 0.000000 0.000000 1.000000 0.000000 0.000000 0.000000 1.000000 4083.dat
1 38 30.000000 -112.000000 -70.000000 1.000000 0.000000 0.000000 0.000000 1.000000 0.000000 0.000000 0.000000 1.000000 6141.dat
1 14 -19.999970 -31.999990 -49.999770 -0.999998 0.000000 0.000000 0.000000 1.000000 0.000000 0.000000 0.000000 -0.999998 2412b.dat
1 14 -20.000010 -31.999990 50.000300 -1.000000 0.000000 0.000000 0.000000 1.000000 0.000000 0.000000 0.000000 -1.000000 2412b.dat
1 14 50.000000 -48.000000 -69.999780 0.000000 0.000000 -1.000000 0.000000 1.000000 0.000000 1.000000 0.000000 0.000000 3040b.dat
1 14 50.000120 -48.000000 70.000240 0.000000 0.000000 -1.000000 0.000000 1.000000 0.000000 1.000000 0.000000 0.000000 3040b.dat
1 3 -59.999970 -96.000000 -70.000020 -0.999997 0.000000 0.000000 0.000000 1.000000 0.000000 0.000000 0.000000 -0.999997 3684.dat
1 3 -60.000000 -96.000000 70.000000 1.000000 0.000000 0.000000 0.000000 1.000000 0.000000 0.000000 0.000000 1.000000 3684.dat
1 3 -70.000030 -96.000000 -0.000050 0.000000 0.000000 -1.000000 0.000000 1.000000 0.000000 1.000000 0.000000 0.000000 3684.dat
1 14 -10.000200 -214.000100 110.000100 0.000000 0.000000 1.000000 1.000000 0.000000 0.000000 0.000000 1.000000 0.000000 73590c02b.dat copy 2
1 14 30.000130 -214.000000 -69.999860 0.000000 1.000000 0.000000 1.000000 0.000000 0.000000 0.000000 0.000000 -1.000000 73590c02b.dat copy 4
0 NOFILE
0 FILE 73590c02b.dat Copy 2
0 Hose, Flexible 8.5L with Tabbed Ends Black (Ends different color than Tube)
0 Name:  73590c02b
0 Author:  Thom Kok [thomkok23]
0 FlexibleBrick:  73590c02b.dat
0 FlexibleBrickControlPointUnitLength -1
0 FlexibleBrickLockedControlPoint 
1 16 102.000000 -100.000200 -59.999840 0.000000 1.000000 0.000000 -1.000000 0.000000 0.000000 0.000000 0.000000 1.000000 750.dat
1 16 94.000040 -40.000120 20.000200 0.000000 1.000000 0.000000 -1.000000 0.000000 0.000000 0.000000 0.000000 1.000000 750.dat
1 16 102.000000 -100.000200 -59.999840 0.000000 -1.000000 0.000000 1.000000 0.000000 0.000000 0.000000 0.000000 1.000000 755.dat
1 16 94.000040 -40.000120 20.000200 0.000000 -1.000000 0.000000 1.000000 0.000000 0.000000 0.000000 0.000000 1.000000 755.dat
1 16 96.555710 -99.981590 -59.976360 0.053384 0.997685 0.042113 0.000000 -0.042173 0.999110 0.998574 -0.053337 -0.002251 754.dat
1 16 93.560920 -99.831520 -59.786170 0.064531 0.996625 0.050744 0.000000 -0.050850 0.998706 0.997916 -0.064447 -0.003281 754.dat
1 16 90.591350 -99.548050 -59.426540 0.122949 0.987786 0.095721 0.000000 -0.096452 0.995337 0.992413 -0.122376 -0.011858 754.dat
1 16 87.660560 -99.138160 -58.905920 0.178563 0.974348 0.136973 0.000000 -0.139210 0.990263 0.983928 -0.176824 -0.024858 754.dat
1 16 84.780170 -98.609050 -58.233180 0.231966 0.956934 0.174555 0.000000 -0.179449 0.983767 0.972724 -0.228200 -0.041626 754.dat
1 16 81.960030 -97.968210 -57.417290 0.283225 0.936173 0.208241 0.000000 -0.217131 0.976142 0.959053 -0.276468 -0.061497 754.dat
1 16 79.208390 -97.222820 -56.467120 0.332436 0.912612 0.237960 0.000000 -0.252310 0.967646 0.943126 -0.321680 -0.083877 754.dat
1 16 76.532140 -96.379920 -55.391260 0.379689 0.886727 0.263727 0.000000 -0.285075 0.958505 0.925114 -0.363934 -0.108240 754.dat
1 16 73.937060 -95.446170 -54.197840 0.425115 0.858896 0.285614 0.000000 -0.315547 0.948910 0.905140 -0.403395 -0.134143 754.dat
1 16 71.428040 -94.427860 -52.894510 0.468843 0.829415 0.303739 0.000000 -0.343875 0.939015 0.883281 -0.440251 -0.161223 754.dat
1 16 69.009400 -93.330790 -51.488260 0.511038 0.798474 0.318243 0.000000 -0.370240 0.928936 0.859558 -0.474721 -0.189207 754.dat
1 16 66.685040 -92.160270 -49.985540 0.551840 0.766210 0.329233 0.000000 -0.394788 0.918772 0.833950 -0.507016 -0.217860 754.dat
1 16 64.458680 -90.921130 -48.392140 0.591403 0.732665 0.336815 0.000000 -0.417689 0.908590 0.806376 -0.537342 -0.247023 754.dat
1 16 62.334000 -89.617930 -46.713340 0.629851 0.697841 0.341037 0.000000 -0.439076 0.898450 0.776716 -0.565889 -0.276552 754.dat
1 16 60.314840 -88.254700 -44.953960 0.667287 0.661678 0.341922 0.000000 -0.459078 0.888396 0.744800 -0.592815 -0.306337 754.dat
1 16 58.405260 -86.835250 -43.118360 0.703789 0.624073 0.339432 0.000000 -0.477798 0.878469 0.710409 -0.618257 -0.336269 754.dat
1 16 56.609710 -85.363100 -41.210680 0.739377 0.584897 0.333493 0.000000 -0.495317 0.868712 0.673292 -0.642305 -0.366226 754.dat
1 16 54.932980 -83.841670 -39.234800 0.774012 0.544010 0.323973 0.000000 -0.511667 0.859184 0.633171 -0.665018 -0.396036 754.dat
1 16 53.380320 -82.274300 -37.194550 0.807592 0.501251 0.310714 0.000000 -0.526864 0.849950 0.589742 -0.686412 -0.425491 754.dat
1 16 51.957460 -80.664310 -35.093820 0.839917 0.456470 0.293556 0.000000 -0.540902 0.841086 0.542715 -0.706442 -0.454312 754.dat
1 16 50.670460 -79.015200 -32.936660 0.870702 0.409534 0.272324 0.000000 -0.553716 0.832705 0.491811 -0.725038 -0.482122 754.dat
1 16 49.525760 -77.330600 -30.727440 0.899557 0.360333 0.246897 0.000000 -0.565234 0.824930 0.436804 -0.742072 -0.508460 754.dat
1 16 48.530020 -75.614440 -28.470950 0.925989 0.308800 0.217226 0.000000 -0.575355 0.817904 0.377551 -0.757370 -0.532772 754.dat
1 16 47.690020 -73.870960 -26.172520 0.949417 0.254924 0.183363 0.000000 -0.583923 0.811809 0.314019 -0.770745 -0.554387 754.dat
1 16 47.012500 -72.104930 -23.838050 0.969188 0.198741 0.145523 0.000000 -0.590781 0.806832 0.246323 -0.781971 -0.572578 756.dat
1 16 46.503970 -70.321540 -21.474120 0.984612 0.140359 0.104112 0.000000 -0.595755 0.803166 0.174757 -0.790807 -0.586587 754.dat
1 16 46.170550 -68.526520 -19.088010 -0.995007 -0.079943 0.059750 0.000000 0.598672 0.800995 -0.099805 0.796995 -0.595682 754.dat
1 16 46.017810 -66.726040 -16.687730 -0.999754 -0.017722 0.013269 0.000000 0.599357 0.800482 -0.022139 0.800286 -0.599209 754.dat
1 16 46.050590 -64.926780 -14.281990 -0.998352 0.046010 -0.034297 0.000000 0.597648 0.801758 0.057386 0.800437 -0.596663 754.dat
1 16 46.272800 -63.135840 -11.880160 -0.990462 0.110905 -0.081763 0.000000 0.593403 0.804905 0.137786 0.797228 -0.587743 754.dat
1 16 46.687310 -61.360710 -9.492180 -0.975955 0.176546 -0.127841 0.000000 0.586504 0.809946 0.217972 0.790471 -0.572402 754.dat
1 16 47.295740 -59.609170 -7.128510 -0.954919 0.242492 -0.171253 0.000000 0.576869 0.816837 0.296867 0.780013 -0.550863 754.dat
1 16 48.098440 -57.889180 -4.799960 -0.927658 0.308254 -0.210785 0.000000 0.564454 0.825465 0.373431 0.765749 -0.523620 754.dat
1 16 49.094300 -56.208800 -2.517620 -0.894662 0.373322 -0.245377 0.000000 0.549257 0.835653 0.446743 0.747628 -0.491399 754.dat
1 16 50.280820 -54.576020 -0.292620 -0.856550 0.437199 -0.274188 0.000000 0.531306 0.847180 0.516064 0.725652 -0.455090 754.dat
1 16 51.654080 -52.998760 1.863930 -0.814022 0.499385 -0.296617 0.000000 0.510675 0.859774 0.580833 0.699875 -0.415701 754.dat
1 16 53.208700 -51.484650 3.941130 -0.767808 0.559400 -0.312317 0.000000 0.487477 0.873136 0.640680 0.670401 -0.374289 754.dat
1 16 54.938060 -50.041020 5.928420 -0.718625 0.616786 -0.321173 0.000000 0.461856 0.886955 0.695397 0.637388 -0.331901 754.dat
1 16 56.834190 -48.674700 7.815740 -0.667122 0.671144 -0.323285 0.000000 0.433970 0.900928 0.744948 0.601029 -0.289511 754.dat
1 16 58.888060 -47.392120 9.593570 -0.613892 0.722091 -0.318937 0.000000 0.404030 0.914746 0.789390 0.561555 -0.248031 754.dat
1 16 61.089590 -46.199070 11.253090 -0.559422 0.769316 -0.308543 0.000000 0.372239 0.928137 0.828883 0.519221 -0.208239 754.dat
1 16 63.427830 -45.100740 12.786200 -0.504130 0.812544 -0.292618 0.000000 0.338825 0.940849 0.863628 0.474310 -0.170811 754.dat
1 16 65.891100 -44.101700 14.185640 -0.448336 0.851556 -0.271748 0.000000 0.304014 0.952667 0.893865 0.427116 -0.136300 754.dat
1 16 68.467140 -43.205880 15.444960 -0.392302 0.886176 -0.246557 0.000000 0.268045 0.963406 0.919836 0.377946 -0.105155 754.dat
1 16 71.143140 -42.416480 16.558600 -0.336215 0.916279 -0.217696 0.000000 0.231153 0.972917 0.941785 0.327109 -0.077717 754.dat
1 16 73.906040 -41.736080 17.521880 -0.280218 0.941777 -0.185831 0.000000 0.193587 0.981083 0.959936 0.274918 -0.054246 754.dat
1 16 76.742500 -41.166560 18.330980 -0.224417 0.962633 -0.151571 0.000000 0.155538 0.987830 0.974493 0.221686 -0.034905 754.dat
1 16 79.639110 -40.709240 18.982990 -0.168871 0.978840 -0.115563 0.000000 0.117247 0.993103 0.985638 0.167706 -0.019799 754.dat
1 16 82.582430 -40.364780 19.475830 -0.113636 0.990424 -0.078407 0.000000 0.078919 0.996881 0.993522 0.113282 -0.008968 754.dat
1 16 85.559120 -40.133230 19.808270 -0.058269 0.997485 -0.040342 0.000000 0.040411 0.999183 0.998301 0.058221 -0.002355 754.dat
1 16 88.555980 -40.014110 19.979900 -0.046341 0.998415 -0.031921 0.000000 0.031955 0.999489 0.998925 0.046318 -0.001481 754.dat
0 NOFILE
0 FILE 73590c02b.dat Copy 4
0 Hose, Flexible 8.5L with Tabbed Ends Black (Ends different color than Tube)
0 Name:  73590c02b
0 Author:  Thom Kok [thomkok23]
0 FlexibleBrick:  73590c02b.dat
0 FlexibleBrickControlPointUnitLength -1
0 FlexibleBrickLockedControlPoint 
1 16 102.000000 -100.000200 -59.999840 0.000000 1.000000 0.000000 -1.000000 0.000000 0.000000 0.000000 0.000000 1.000000 750.dat
1 16 94.000030 -20.000140 0.000130 0.000000 1.000000 0.000000 -1.000000 0.000000 0.000000 0.000000 0.000000 1.000000 750.dat
1 16 102.000000 -100.000200 -59.999840 0.000000 -1.000000 0.000000 1.000000 0.000000 0.000000 0.000000 0.000000 1.000000 755.dat
1 16 94.000030 -20.000140 0.000130 0.000000 -1.000000 0.000000 1.000000 0.000000 0.000000 0.000000 0.000000 1.000000 755.dat
1 16 96.555950 -99.978730 -59.986800 0.029746 0.998367 0.048771 0.000000 -0.048793 0.998809 0.999557 -0.029710 -0.001451 754.dat
1 16 93.558930 -99.802020 -59.877980 0.036970 0.997522 0.059865 0.000000 -0.059906 0.998204 0.999316 -0.036904 -0.002215 754.dat
1 16 90.581070 -99.464450 -59.668620 0.071793 0.990808 0.114654 0.000000 -0.114950 0.993371 0.997420 -0.071317 -0.008253 754.dat
1 16 87.633780 -98.970550 -59.360140 0.106432 0.980203 0.166952 0.000000 -0.167906 0.985803 0.994320 -0.104921 -0.017870 754.dat
1 16 84.727790 -98.325370 -58.954300 0.141349 0.965904 0.216910 0.000000 -0.219110 0.975700 0.989960 -0.137914 -0.030971 754.dat
1 16 81.873160 -97.534270 -58.453090 0.176696 0.948140 0.264212 0.000000 -0.268436 0.963297 0.984265 -0.170211 -0.047431 754.dat
1 16 79.079310 -96.603000 -57.858720 0.212609 0.927141 0.308555 0.000000 -0.315774 0.948834 0.977137 -0.201731 -0.067136 754.dat
1 16 76.355040 -95.537540 -57.173580 0.249224 0.903127 0.349641 0.000000 -0.361033 0.932553 0.968446 -0.232414 -0.089978 754.dat
1 16 73.708600 -94.343970 -56.400240 0.286669 0.876288 0.387220 0.000000 -0.404184 0.914678 0.958030 -0.262210 -0.115867 754.dat
1 16 71.147670 -93.028480 -55.541380 0.325054 0.846817 0.420999 0.000000 -0.445174 0.895444 0.945695 -0.291068 -0.144705 754.dat
1 16 68.679460 -91.597400 -54.599780 0.364487 0.814884 0.450681 0.000000 -0.483974 0.875082 0.931208 -0.318956 -0.176402 754.dat
1 16 66.310760 -90.057090 -53.578320 0.405050 0.780635 0.475966 0.000000 -0.520582 0.853811 0.914294 -0.345836 -0.210862 754.dat
1 16 64.047940 -88.413890 -52.479980 0.446821 0.744202 0.496501 0.000000 -0.554984 0.831861 0.894623 -0.371693 -0.247978 754.dat
1 16 61.897060 -86.674210 -51.307740 0.489831 0.705699 0.511911 0.000000 -0.587177 0.809458 0.871817 -0.396498 -0.287618 754.dat
1 16 59.863920 -84.844420 -50.064740 0.534063 0.665227 0.521776 0.000000 -0.617161 0.786837 0.845445 -0.420220 -0.329603 754.dat
1 16 57.954010 -82.930910 -48.754140 0.579441 0.622871 0.525623 0.000000 -0.644925 0.764245 0.815014 -0.442835 -0.373696 754.dat
1 16 56.172620 -80.940120 -47.379240 0.625791 0.578706 0.522958 0.000000 -0.670466 0.741940 0.779991 -0.464299 -0.419571 754.dat
1 16 54.524840 -78.878490 -45.943460 0.672823 0.532800 0.513257 0.000000 -0.693775 0.720192 0.739803 -0.484562 -0.466788 754.dat
1 16 53.015590 -76.752540 -44.450360 0.720115 0.485215 0.495985 0.000000 -0.714825 0.699303 0.693855 -0.503578 -0.514756 754.dat
1 16 51.649600 -74.568810 -42.903640 0.767056 0.436011 0.470659 0.000000 -0.733592 0.679590 0.641580 -0.521283 -0.562706 754.dat
1 16 50.431470 -72.333980 -41.307250 0.812842 0.385248 0.436890 0.000000 -0.750045 0.661386 0.582485 -0.537603 -0.609668 754.dat
1 16 49.365580 -70.054800 -39.665320 0.856456 0.332989 0.394464 0.000000 -0.764138 0.645053 0.516220 -0.552459 -0.654450 754.dat
1 16 48.456100 -67.738180 -37.982220 0.896676 0.279316 0.343446 0.000000 -0.775819 0.630955 0.442688 -0.565762 -0.695659 754.dat
1 16 47.707030 -65.391180 -36.262600 0.932144 0.224299 0.284250 0.000000 -0.785029 0.619459 0.362089 -0.577424 -0.731760 754.dat
1 16 47.122080 -63.021060 -34.511340 0.961425 0.168041 0.217770 0.000000 -0.791699 0.610911 0.275066 -0.587346 -0.761159 756.dat
1 16 46.704680 -60.635270 -32.733650 0.983166 0.110654 0.145398 0.000000 -0.795762 0.605609 0.182715 -0.595414 -0.782366 754.dat
1 16 46.457920 -58.241440 -30.935040 -0.996247 -0.052259 0.068995 0.000000 0.797147 0.603785 -0.086552 0.601519 -0.794156 754.dat
1 16 46.384500 -55.847400 -29.121360 -0.999933 0.007005 -0.009205 0.000000 0.795782 0.605583 0.011567 0.605543 -0.795728 754.dat
1 16 46.486720 -53.461220 -27.298770 -0.993977 0.066963 -0.086748 0.000000 0.791591 0.611052 0.109586 0.607371 -0.786823 754.dat
1 16 46.766360 -51.091150 -25.473780 -0.978657 0.127433 -0.161214 0.000000 0.784506 0.620122 0.205497 0.606887 -0.767762 754.dat
1 16 47.224620 -48.745640 -23.653210 -0.954722 0.188208 -0.230399 0.000000 0.774452 0.632633 0.297500 0.603988 -0.739386 754.dat
1 16 47.862100 -46.433360 -21.844160 -0.923273 0.249042 -0.292478 0.000000 0.761380 0.648305 0.384142 0.598563 -0.702962 754.dat
1 16 48.678730 -44.163060 -20.054040 -0.885597 0.309698 -0.346128 0.000000 0.745237 0.666799 0.464454 0.590516 -0.659980 754.dat
1 16 49.673660 -41.943680 -18.290530 -0.843042 0.369878 -0.390474 0.000000 0.725994 0.687701 0.537848 0.579761 -0.612043 754.dat
1 16 50.845230 -39.784190 -16.561540 -0.796862 0.429299 -0.425102 0.000000 0.703625 0.710571 0.604160 0.566228 -0.560692 754.dat
1 16 52.190920 -37.693630 -14.875150 -0.748180 0.487622 -0.449945 0.000000 0.678144 0.734929 0.663495 0.549859 -0.507374 754.dat
1 16 53.707250 -35.680980 -13.239590 -0.697908 0.544517 -0.465215 0.000000 0.649572 0.760300 0.716187 0.530620 -0.453341 754.dat
1 16 55.389800 -33.755120 -11.663180 -0.646773 0.599624 -0.471312 0.000000 0.617967 0.786204 0.762682 0.508496 -0.399685 754.dat
1 16 57.233120 -31.924770 -10.154250 -0.595315 0.652586 -0.468755 0.000000 0.583398 0.812187 0.803492 0.483507 -0.347305 754.dat
1 16 59.230720 -30.198420 -8.721040 -0.543912 0.703034 -0.458151 0.000000 0.545976 0.837801 0.839142 0.455690 -0.296963 754.dat
1 16 61.375070 -28.584220 -7.371700 -0.492821 0.750602 -0.440141 0.000000 0.505834 0.862631 0.870131 0.425122 -0.249285 754.dat
1 16 63.657640 -27.089940 -6.114100 -0.442178 0.794935 -0.415400 0.000000 0.463136 0.886287 0.896927 0.391896 -0.204788 754.dat
1 16 66.068860 -25.722860 -4.955880 -0.392046 0.835692 -0.384601 0.000000 0.418069 0.908415 0.919945 0.356141 -0.163902 754.dat
1 16 68.598240 -24.489700 -3.904250 -0.342433 0.872546 -0.348429 0.000000 0.370850 0.928693 0.939542 0.318015 -0.126991 754.dat
1 16 71.234330 -23.396600 -2.965980 -0.293299 0.905189 -0.307584 0.000000 0.321734 0.946830 0.956021 0.277704 -0.094364 754.dat
1 16 73.964860 -22.448890 -2.147310 -0.244579 0.933346 -0.262768 0.000000 0.270999 0.962580 0.969629 0.235427 -0.066280 754.dat
1 16 76.776750 -21.651170 -1.453820 -0.196187 0.956775 -0.214689 0.000000 0.218944 0.975737 0.980566 0.191427 -0.042954 754.dat
1 16 79.656300 -21.007140 -0.890420 -0.148021 0.975280 -0.164069 0.000000 0.165897 0.986143 0.988984 0.145970 -0.024556 754.dat
1 16 82.589220 -20.519600 -0.461240 -0.099973 0.988708 -0.111629 0.000000 0.112191 0.993687 0.994990 0.099342 -0.011216 754.dat
1 16 85.560830 -20.190360 -0.169620 -0.051503 0.997009 -0.057624 0.000000 0.057701 0.998334 0.998673 0.051418 -0.002972 754.dat
1 16 88.556160 -20.020270 -0.018010 -0.041406 0.998088 -0.045877 0.000000 0.045916 0.998945 0.999142 0.041362 -0.001901 754.dat
0 NOFILE
