0 FILE ToolStore.io
0 Untitled Model
0 Name:  ToolStore
0 Author:  Simon Eriksson
0 CustomBrick
0 FlexibleBrickControlPointUnitLength -1
0 FlexibleBrickLockedControlPoint 
0 NumOfBricks:  65
1 0 -39.999980 -40.000000 -0.000010 0.000000 0.000000 1.000000 0.000000 1.000000 0.000000 -1.000000 0.000000 0.000000 3068bp00.dat
1 38 -30.000020 -87.999980 30.000020 1.000000 0.000000 0.000000 0.000000 1.000000 0.000000 0.000000 0.000000 1.000000 6141.dat
1 8 -151.422100 -23.999900 -64.166100 0.906308 0.000000 0.422619 0.000000 1.000000 0.000000 -0.422619 0.000000 0.906308 3005.dat
1 8 -97.043700 -23.999900 -89.523200 0.906308 0.000000 0.422619 0.000000 1.000000 0.000000 -0.422619 0.000000 0.906308 3005.dat
1 8 -70.000000 -24.000000 -70.000000 1.000000 0.000000 0.000000 0.000000 1.000000 0.000000 0.000000 0.000000 1.000000 3005.dat
1 8 -10.000000 -24.000000 -70.000000 1.000000 0.000000 0.000000 0.000000 1.000000 0.000000 0.000000 0.000000 1.000000 3005.dat
1 7 -151.422100 -47.999900 -64.166100 0.906308 0.000000 0.422619 0.000000 1.000000 0.000000 -0.422619 0.000000 0.906308 4070.dat
1 7 -97.043700 -47.999900 -89.523200 0.906308 0.000000 0.422619 0.000000 1.000000 0.000000 -0.422619 0.000000 0.906308 4070.dat
1 7 -70.000000 -48.000000 -70.000000 1.000000 0.000000 0.000000 0.000000 1.000000 0.000000 0.000000 0.000000 1.000000 4070.dat
1 7 -10.000000 -48.000000 -70.000000 1.000000 0.000000 0.000000 0.000000 1.000000 0.000000 0.000000 0.000000 1.000000 4070.dat
1 14 -40.000000 -38.000100 -84.000000 -1.000000 0.000000 0.000000 0.000000 0.000000 1.000000 0.000000 1.000000 0.000000 2431p52.dat
1 14 -130.149500 -37.999800 -89.532900 -0.906308 0.422616 0.000000 0.000000 0.000000 0.999994 0.422619 0.906302 0.000000 2431p52.dat
1 38 -151.422100 -71.999900 -64.166100 0.906308 0.000000 0.422619 0.000000 1.000000 0.000000 -0.422619 0.000000 0.906308 4589.dat
1 42 -97.043700 -71.999900 -89.523200 0.906308 0.000000 0.422619 0.000000 1.000000 0.000000 -0.422619 0.000000 0.906308 4589.dat
1 38 -70.000000 -72.000000 -70.000000 1.000000 0.000000 0.000000 0.000000 1.000000 0.000000 0.000000 0.000000 1.000000 4589.dat
1 42 -10.000000 -72.000000 -70.000000 1.000000 0.000000 0.000000 0.000000 1.000000 0.000000 0.000000 0.000000 1.000000 4589.dat
1 8 -30.000000 -8.000000 110.000000 -0.529917 0.000000 -0.848050 0.000000 1.000000 0.000000 0.848050 0.000000 -0.529917 30193.dat
1 8 -10.000000 -46.273000 110.000000 0.939693 0.000000 0.342020 0.000000 1.000000 0.000000 -0.342020 0.000000 0.939693 3837.dat
1 0 30.000000 -45.000000 -110.000000 -0.500000 0.000000 0.866026 0.000000 1.000000 0.000000 -0.866026 0.000000 -0.500000 4006.dat
1 8 -30.000000 -20.000000 -110.000000 0.707107 0.000000 0.707107 0.000000 1.000000 0.000000 -0.707107 0.000000 0.707107 55300.dat
1 7 10.000000 -20.000000 -110.000000 1.000000 0.000000 0.000000 0.000000 1.000000 0.000000 0.000000 0.000000 1.000000 4328.dat
1 8 -10.000000 -19.828300 -110.000000 1.000000 0.000000 0.000000 0.000000 1.000000 0.000000 0.000000 0.000000 1.000000 55299.dat
1 8 30.000000 -20.810800 110.000000 -0.000005 0.000000 1.000000 0.000000 1.000000 0.000000 -1.000000 0.000000 -0.000005 55295.dat
1 8 10.000000 -67.000000 110.000000 0.500002 0.000000 -0.866024 0.000000 1.000000 0.000000 0.866024 0.000000 0.500002 30228.dat
1 3 -100.000000 -24.000000 70.000000 1.000000 0.000000 0.000000 0.000000 1.000000 0.000000 0.000000 0.000000 1.000000 3004.dat
1 7 -100.000000 -32.000000 70.000000 -1.000000 0.000000 0.000000 0.000000 1.000000 0.000000 0.000000 0.000000 -1.000000 3069bp03.dat
1 3 -100.000000 -24.000000 90.000000 1.000000 0.000000 0.000000 0.000000 1.000000 0.000000 0.000000 0.000000 1.000000 3004.dat
1 7 -100.000000 -32.000000 90.000000 -1.000000 0.000000 0.000000 0.000000 1.000000 0.000000 0.000000 0.000000 -1.000000 3069bp03.dat
1 3 -100.000000 -24.000000 110.000000 1.000000 0.000000 0.000000 0.000000 1.000000 0.000000 0.000000 0.000000 1.000000 3004.dat
1 7 -100.000000 -32.000000 110.000000 -1.000000 0.000000 0.000000 0.000000 1.000000 0.000000 0.000000 0.000000 -1.000000 3069bp03.dat
1 3 -140.000000 -24.000000 110.000000 1.000000 0.000000 0.000000 0.000000 1.000000 0.000000 0.000000 0.000000 1.000000 3004.dat
1 7 -140.000000 -32.000000 110.000000 -1.000000 0.000000 0.000000 0.000000 1.000000 0.000000 0.000000 0.000000 -1.000000 3069bp03.dat
1 3 -140.000000 -24.000000 90.000000 1.000000 0.000000 0.000000 0.000000 1.000000 0.000000 0.000000 0.000000 1.000000 3004.dat
1 7 -140.000000 -32.000000 90.000000 -1.000000 0.000000 0.000000 0.000000 1.000000 0.000000 0.000000 0.000000 -1.000000 3069bp03.dat
1 3 -140.000000 -24.000000 70.000000 1.000000 0.000000 0.000000 0.000000 1.000000 0.000000 0.000000 0.000000 1.000000 3004.dat
1 7 -140.000000 -32.000000 70.000000 -1.000000 0.000000 0.000000 0.000000 1.000000 0.000000 0.000000 0.000000 -1.000000 3069bp03.dat
1 14 0.000000 -24.000000 110.000000 1.000000 0.000000 0.000000 0.000000 1.000000 0.000000 0.000000 0.000000 1.000000 4873.dat
1 14 0.000000 -24.000000 -110.000000 1.000000 0.000000 0.000000 0.000000 1.000000 0.000000 0.000000 0.000000 1.000000 4873.dat
1 8 -100.000000 -16.000000 0.000000 1.000000 0.000000 0.000000 0.000000 1.000000 0.000000 0.000000 0.000000 1.000000 3031.dat
1 0 60.000020 -32.000000 -69.999980 1.000000 0.000000 0.000000 0.000000 1.000000 0.000000 0.000000 0.000000 1.000000 3039.dat
1 0 60.000000 -32.000000 70.000020 -1.000000 0.000000 0.000000 0.000000 1.000000 0.000000 0.000000 0.000000 -1.000000 3039.dat
1 0 89.999980 -56.000000 -10.000000 1.000000 0.000000 0.000000 0.000000 1.000000 0.000000 0.000000 0.000000 1.000000 3040b.dat
1 0 89.999980 -56.000000 10.000000 -1.000000 0.000000 0.000000 0.000000 1.000000 0.000000 0.000000 0.000000 -1.000000 3040b.dat
1 14 30.000000 -40.000000 0.000000 0.000000 0.000000 1.000000 0.000000 1.000000 0.000000 -1.000000 0.000000 0.000000 2431p52.dat
1 42 60.000000 -80.000000 -59.999990 1.000000 0.000000 0.000000 0.000000 1.000000 0.000000 0.000000 0.000000 1.000000 4345b.dat
1 42 60.000000 -80.000000 60.000000 -1.000000 0.000000 0.000000 0.000000 1.000000 0.000000 0.000000 0.000000 -1.000000 4345b.dat
1 42 60.000000 -80.000000 -59.999990 1.000000 0.000000 0.000000 0.000000 1.000000 0.000000 0.000000 0.000000 1.000000 4346.dat
1 42 60.000000 -80.000000 60.000000 -1.000000 0.000000 0.000000 0.000000 1.000000 0.000000 0.000000 0.000000 -1.000000 4346.dat
1 383 89.999980 -64.000000 0.000000 0.000000 0.000000 1.000000 0.000000 1.000000 0.000000 -1.000000 0.000000 0.000000 2412b.dat
1 3 69.999980 -104.000000 20.000000 0.000000 0.000000 1.000000 0.000000 1.000000 0.000000 -1.000000 0.000000 0.000000 3684.dat
1 3 69.999980 -104.000000 -19.999990 0.000000 0.000000 1.000000 0.000000 1.000000 0.000000 -1.000000 0.000000 0.000000 3684.dat
1 0 69.999980 -136.000000 0.000000 0.000000 0.000000 1.000000 0.000000 1.000000 0.000000 -1.000000 0.000000 0.000000 2432.dat
1 7 -20.000000 -80.000000 30.000000 1.000000 0.000000 0.000000 0.000000 1.000000 0.000000 0.000000 0.000000 1.000000 4083.dat
1 7 -20.000000 -80.000000 -29.999990 1.000000 0.000000 0.000000 0.000000 1.000000 0.000000 0.000000 0.000000 1.000000 4083.dat
1 0 60.000020 -32.000000 -50.000000 1.000000 0.000000 0.000000 0.000000 1.000000 0.000000 0.000000 0.000000 1.000000 3004.dat
1 0 60.000020 -32.000000 50.000000 1.000000 0.000000 0.000000 0.000000 1.000000 0.000000 0.000000 0.000000 1.000000 3004.dat
1 8 80.000000 -32.000000 0.000000 0.000000 0.000000 1.000000 0.000000 1.000000 0.000000 -1.000000 0.000000 0.000000 3001.dat
1 8 0.000000 -32.000000 0.000000 1.000000 0.000000 0.000000 0.000000 1.000000 0.000000 0.000000 0.000000 1.000000 2356.dat
1 8 -60.000000 -8.000000 0.000000 1.000000 0.000000 0.000000 0.000000 1.000000 0.000000 0.000000 0.000000 1.000000 3035.dat
1 8 30.000000 -8.000000 0.000000 0.000000 0.000000 1.000000 0.000000 1.000000 0.000000 -1.000000 0.000000 0.000000 3710.dat
1 8 89.999980 -8.000000 0.000000 0.000000 0.000000 1.000000 0.000000 1.000000 0.000000 -1.000000 0.000000 0.000000 3710.dat
1 0 60.000000 -8.000000 0.000000 0.000000 0.000000 1.000000 0.000000 1.000000 0.000000 -1.000000 0.000000 0.000000 3832.dat
1 14 -10.000090 -174.000000 29.999810 0.000000 -1.000000 0.000000 1.000000 0.000000 0.000000 0.000000 0.000000 1.000000 73590c02b.dat copy
1 14 -10.000060 -174.000000 -30.000180 0.000000 -1.000000 0.000000 1.000000 0.000000 0.000000 0.000000 0.000000 1.000000 73590c02b.dat copy 2
1 38 -29.999980 -87.999980 -29.999960 1.000000 0.000000 0.000000 0.000000 1.000000 0.000000 0.000000 0.000000 1.000000 6141.dat
0 NOFILE
0 FILE 73590c02b.dat Copy
0 Hose, Flexible 8.5L with Tabbed Ends Black (Ends different color than Tube)
0 Name:  73590c02b
0 Author:  Thom Kok [thomkok23]
0 FlexibleBrick:  73590c02b.dat
0 FlexibleBrickControlPointUnitLength -1
0 FlexibleBrickLockedControlPoint 
1 16 54.000000 -80.000100 0.000200 0.000000 1.000000 0.000000 -1.000000 0.000000 0.000000 0.000000 0.000000 1.000000 750.dat
1 16 70.000010 19.999910 0.000200 0.000000 1.000000 0.000000 -1.000000 0.000000 0.000000 0.000000 0.000000 1.000000 750.dat
1 16 54.000000 -80.000100 0.000200 0.000000 -1.000000 0.000000 1.000000 0.000000 0.000000 0.000000 0.000000 1.000000 755.dat
1 16 70.000010 19.999910 0.000200 0.000000 -1.000000 0.000000 1.000000 0.000000 0.000000 0.000000 0.000000 1.000000 755.dat
1 16 48.556200 -79.982730 -0.001360 -0.003564 0.999196 0.039921 0.000000 -0.039921 0.999203 0.999994 0.003561 0.000142 754.dat
1 16 45.556720 -79.822920 -0.014040 -0.004302 0.998515 0.054313 0.000000 -0.054313 0.998524 0.999991 0.004295 0.000234 754.dat
1 16 42.570620 -79.499640 -0.038000 -0.008206 0.993850 0.110425 0.000000 -0.110429 0.993884 0.999966 0.008156 0.000906 754.dat
1 16 39.609080 -79.000360 -0.072680 -0.011957 0.985304 0.170391 0.000000 -0.170404 0.985374 0.999928 0.011783 0.002038 754.dat
1 16 36.685530 -78.313840 -0.117430 -0.015619 0.972057 0.234224 0.000000 -0.234253 0.972176 0.999878 0.015185 0.003659 754.dat
1 16 33.815610 -77.430490 -0.171520 -0.019222 0.953332 0.301310 0.000000 -0.301366 0.953508 0.999815 0.018328 0.005793 754.dat
1 16 31.016990 -76.342940 -0.234100 -0.022802 0.928414 0.370847 0.000000 -0.370943 0.928655 0.999740 0.021175 0.008458 754.dat
1 16 28.309120 -75.046500 -0.304200 -0.026400 0.896701 0.441848 0.000000 -0.442002 0.897014 0.999651 0.023681 0.011669 754.dat
1 16 25.712680 -73.539750 -0.380730 -0.030067 0.857766 0.513160 0.000000 -0.513392 0.858154 0.999548 0.025802 0.015436 754.dat
1 16 23.249080 -71.824810 -0.462470 -0.033866 0.811405 0.583503 0.000000 -0.583837 0.811870 0.999426 0.027495 0.019773 754.dat
1 16 20.939640 -69.907540 -0.548080 -0.037878 0.757677 0.651529 0.000000 -0.651997 0.758221 0.999282 0.028720 0.024697 754.dat
1 16 18.804870 -67.797680 -0.636160 -0.042217 0.696946 0.715880 0.000000 -0.716519 0.697568 0.999108 0.029449 0.030249 754.dat
1 16 16.863550 -65.508620 -0.725220 -0.047043 0.629870 0.775274 0.000000 -0.776134 0.630568 0.998893 0.029664 0.036512 754.dat
1 16 15.132030 -63.056950 -0.813770 -0.052603 0.557375 0.828593 0.000000 -0.829741 0.558148 0.998615 0.029361 0.043648 754.dat
1 16 13.623530 -60.461980 -0.900330 -0.059297 0.480618 0.874923 0.000000 -0.876465 0.481465 0.998240 0.028550 0.051972 754.dat
1 16 12.347660 -57.744840 -0.983480 -0.067831 0.400904 0.913605 0.000000 -0.915714 0.401830 0.997697 0.027257 0.062115 754.dat
1 16 11.310160 -54.927780 -1.061910 -0.079595 0.319621 0.944196 0.000000 -0.947201 0.320638 0.996827 0.025521 0.075393 754.dat
1 16 10.512840 -52.033240 -1.134440 -0.097758 0.238148 0.966296 0.000000 -0.970947 0.239295 0.995210 0.023393 0.094918 754.dat
1 16 9.953750 -49.083080 -1.200030 -0.131503 0.157774 0.978680 0.000000 -0.987253 0.159156 0.991316 0.020930 0.129827 754.dat
1 16 9.627560 -46.097840 -1.257840 -0.222709 0.079637 0.971627 0.000000 -0.996658 0.081688 0.974885 0.018193 0.221965 754.dat
1 16 9.526070 -43.096180 -1.307190 -0.956000 0.004678 0.293329 0.000000 -0.999872 0.015947 0.293366 0.015246 0.955879 754.dat
1 16 9.638770 -40.094580 -1.347570 -0.180034 -0.066378 -0.981418 0.000000 -0.997720 0.067480 -0.983660 0.012149 0.179624 754.dat
1 16 9.953500 -37.107080 -1.378660 -0.067187 -0.133037 -0.988831 0.000000 -0.991070 0.133338 -0.997740 0.008959 0.066588 754.dat
1 16 10.457040 -34.145280 -1.400260 -0.029351 -0.195020 -0.980360 0.000000 -0.980782 0.195104 -0.999569 0.005727 0.028787 754.dat
1 16 11.135700 -31.218370 -1.412320 -0.009901 -0.252234 -0.967615 0.000000 -0.967663 0.252247 -0.999951 0.002498 0.009581 756.dat
1 16 11.975760 -28.333430 -1.414920 0.002262 -0.304756 -0.952428 0.000000 -0.952430 0.304756 -0.999997 -0.000689 -0.002154 754.dat
1 16 12.963960 -25.495640 -1.408230 -0.010773 0.352793 -0.935639 0.000000 0.935694 0.352813 0.999942 0.003801 -0.010080 754.dat
1 16 14.087740 -22.708640 -1.392510 -0.017164 0.396650 -0.917809 0.000000 0.917945 0.396709 0.999853 0.006809 -0.015756 754.dat
1 16 15.335510 -19.974810 -1.368080 -0.022184 0.436709 -0.899329 0.000000 0.899550 0.436817 0.999754 0.009690 -0.019955 754.dat
1 16 16.696860 -17.295660 -1.335340 -0.026234 0.473401 -0.880456 0.000000 0.880760 0.473564 0.999656 0.012423 -0.023105 754.dat
1 16 18.162620 -14.672170 -1.294750 -0.029542 0.507181 -0.861333 0.000000 0.861709 0.507403 0.999563 0.014990 -0.025457 754.dat
1 16 19.724930 -12.105010 -1.246810 -0.032244 0.538522 -0.841994 0.000000 0.842432 0.538802 0.999480 0.017373 -0.027163 754.dat
1 16 21.377280 -9.594890 -1.192060 -0.034417 0.567895 -0.822381 0.000000 0.822869 0.568232 0.999408 0.019557 -0.028320 754.dat
1 16 23.114480 -7.142780 -1.131090 -0.036106 0.595756 -0.802353 0.000000 0.802877 0.596145 0.999348 0.021525 -0.028989 754.dat
1 16 24.932600 -4.750130 -1.064560 -0.037337 0.622545 -0.781693 0.000000 0.782239 0.622979 0.999302 0.023260 -0.029206 754.dat
1 16 26.828970 -2.419070 -0.993140 -0.038121 0.648664 -0.760119 0.000000 0.760672 0.649136 0.999273 0.024746 -0.028998 754.dat
1 16 28.801980 -0.152600 -0.917580 -0.038464 0.674486 -0.737284 0.000000 0.737831 0.674986 0.999260 0.025963 -0.028380 754.dat
1 16 30.851050 2.045260 -0.838670 -0.038368 0.700329 -0.712789 0.000000 0.713314 0.700845 0.999264 0.026890 -0.027368 754.dat
1 16 32.976470 4.169300 -0.757270 -0.037835 0.726448 -0.686179 0.000000 0.686671 0.726968 0.999284 0.027505 -0.025980 754.dat
1 16 35.179200 6.213010 -0.674300 -0.036869 0.753028 -0.656955 0.000000 0.657402 0.753540 0.999320 0.027782 -0.024238 754.dat
1 16 37.460630 8.168420 -0.590740 -0.035477 0.780164 -0.624568 0.000000 0.624962 0.780655 0.999370 0.027696 -0.022172 754.dat
1 16 39.822390 10.025980 -0.507690 -0.033670 0.807841 -0.588439 0.000000 0.588772 0.808299 0.999433 0.027215 -0.019824 754.dat
1 16 42.265970 11.774520 -0.426280 -0.031459 0.835911 -0.547963 0.000000 0.548234 0.836325 0.999505 0.026310 -0.017247 754.dat
1 16 44.792360 13.401110 -0.347770 -0.028859 0.864082 -0.502522 0.000000 0.502732 0.864443 0.999583 0.024947 -0.014508 754.dat
1 16 47.401670 14.891120 -0.273490 -0.025884 0.891882 -0.451527 0.000000 0.451679 0.892181 0.999665 0.023094 -0.011691 754.dat
1 16 50.092540 16.228270 -0.204890 -0.022548 0.918653 -0.394422 0.000000 0.394522 0.918886 0.999746 0.020720 -0.008896 754.dat
1 16 52.861700 17.394730 -0.143460 -0.018860 0.943528 -0.330756 0.000000 0.330815 0.943695 0.999822 0.017798 -0.006239 754.dat
1 16 55.703340 18.371450 -0.090800 -0.014821 0.965438 -0.260212 0.000000 0.260241 0.965544 0.999890 0.014311 -0.003857 754.dat
1 16 58.608580 19.138530 -0.048560 -0.010423 0.983119 -0.182668 0.000000 0.182678 0.983173 0.999945 0.010248 -0.001904 754.dat
1 16 61.564920 19.675810 -0.018390 -0.005596 0.995222 -0.097476 0.000000 0.097478 0.995238 0.999984 0.005570 -0.000546 754.dat
1 16 64.555760 19.963620 -0.001940 -0.004848 0.996601 -0.082241 0.000000 0.082242 0.996612 0.999988 0.004832 -0.000399 754.dat
0 NOFILE
0 FILE 73590c02b.dat Copy 2
0 Hose, Flexible 8.5L with Tabbed Ends Black (Ends different color than Tube)
0 Name:  73590c02b
0 Author:  Thom Kok [thomkok23]
0 FlexibleBrick:  73590c02b.dat
0 FlexibleBrickControlPointUnitLength -1
0 FlexibleBrickLockedControlPoint 
1 16 54.000000 -80.000100 0.000200 0.000000 1.000000 0.000000 -1.000000 0.000000 0.000000 0.000000 0.000000 1.000000 750.dat
1 16 70.000010 19.999910 0.000200 0.000000 1.000000 0.000000 -1.000000 0.000000 0.000000 0.000000 0.000000 1.000000 750.dat
1 16 54.000000 -80.000100 0.000200 0.000000 -1.000000 0.000000 1.000000 0.000000 0.000000 0.000000 0.000000 1.000000 755.dat
1 16 70.000010 19.999910 0.000200 0.000000 -1.000000 0.000000 1.000000 0.000000 0.000000 0.000000 0.000000 1.000000 755.dat
1 16 48.556200 -79.982730 -0.001360 -0.003564 0.999196 0.039921 0.000000 -0.039921 0.999203 0.999994 0.003561 0.000142 754.dat
1 16 45.556720 -79.822920 -0.014040 -0.004302 0.998515 0.054313 0.000000 -0.054313 0.998524 0.999991 0.004295 0.000234 754.dat
1 16 42.570620 -79.499640 -0.038000 -0.008206 0.993850 0.110425 0.000000 -0.110429 0.993884 0.999966 0.008156 0.000906 754.dat
1 16 39.609080 -79.000360 -0.072680 -0.011957 0.985304 0.170391 0.000000 -0.170404 0.985374 0.999928 0.011783 0.002038 754.dat
1 16 36.685530 -78.313840 -0.117430 -0.015619 0.972057 0.234224 0.000000 -0.234253 0.972176 0.999878 0.015185 0.003659 754.dat
1 16 33.815610 -77.430490 -0.171520 -0.019222 0.953332 0.301310 0.000000 -0.301366 0.953508 0.999815 0.018328 0.005793 754.dat
1 16 31.016990 -76.342940 -0.234100 -0.022802 0.928414 0.370847 0.000000 -0.370943 0.928655 0.999740 0.021175 0.008458 754.dat
1 16 28.309120 -75.046500 -0.304200 -0.026400 0.896701 0.441848 0.000000 -0.442002 0.897014 0.999651 0.023681 0.011669 754.dat
1 16 25.712680 -73.539750 -0.380730 -0.030067 0.857766 0.513160 0.000000 -0.513392 0.858154 0.999548 0.025802 0.015436 754.dat
1 16 23.249080 -71.824810 -0.462470 -0.033866 0.811405 0.583503 0.000000 -0.583837 0.811870 0.999426 0.027495 0.019773 754.dat
1 16 20.939640 -69.907540 -0.548080 -0.037878 0.757677 0.651529 0.000000 -0.651997 0.758221 0.999282 0.028720 0.024697 754.dat
1 16 18.804870 -67.797680 -0.636160 -0.042217 0.696946 0.715880 0.000000 -0.716519 0.697568 0.999108 0.029449 0.030249 754.dat
1 16 16.863550 -65.508620 -0.725220 -0.047043 0.629870 0.775274 0.000000 -0.776134 0.630568 0.998893 0.029664 0.036512 754.dat
1 16 15.132030 -63.056950 -0.813770 -0.052603 0.557375 0.828593 0.000000 -0.829741 0.558148 0.998615 0.029361 0.043648 754.dat
1 16 13.623530 -60.461980 -0.900330 -0.059297 0.480618 0.874923 0.000000 -0.876465 0.481465 0.998240 0.028550 0.051972 754.dat
1 16 12.347660 -57.744840 -0.983480 -0.067831 0.400904 0.913605 0.000000 -0.915714 0.401830 0.997697 0.027257 0.062115 754.dat
1 16 11.310160 -54.927780 -1.061910 -0.079595 0.319621 0.944196 0.000000 -0.947201 0.320638 0.996827 0.025521 0.075393 754.dat
1 16 10.512840 -52.033240 -1.134440 -0.097758 0.238148 0.966296 0.000000 -0.970947 0.239295 0.995210 0.023393 0.094918 754.dat
1 16 9.953750 -49.083080 -1.200030 -0.131503 0.157774 0.978680 0.000000 -0.987253 0.159156 0.991316 0.020930 0.129827 754.dat
1 16 9.627560 -46.097840 -1.257840 -0.222709 0.079637 0.971627 0.000000 -0.996658 0.081688 0.974885 0.018193 0.221965 754.dat
1 16 9.526070 -43.096180 -1.307190 -0.956000 0.004678 0.293329 0.000000 -0.999872 0.015947 0.293366 0.015246 0.955879 754.dat
1 16 9.638770 -40.094580 -1.347570 -0.180034 -0.066378 -0.981418 0.000000 -0.997720 0.067480 -0.983660 0.012149 0.179624 754.dat
1 16 9.953500 -37.107080 -1.378660 -0.067187 -0.133037 -0.988831 0.000000 -0.991070 0.133338 -0.997740 0.008959 0.066588 754.dat
1 16 10.457040 -34.145280 -1.400260 -0.029351 -0.195020 -0.980360 0.000000 -0.980782 0.195104 -0.999569 0.005727 0.028787 754.dat
1 16 11.135700 -31.218370 -1.412320 -0.009901 -0.252234 -0.967615 0.000000 -0.967663 0.252247 -0.999951 0.002498 0.009581 756.dat
1 16 11.975760 -28.333430 -1.414920 0.002262 -0.304756 -0.952428 0.000000 -0.952430 0.304756 -0.999997 -0.000689 -0.002154 754.dat
1 16 12.963960 -25.495640 -1.408230 -0.010773 0.352793 -0.935639 0.000000 0.935694 0.352813 0.999942 0.003801 -0.010080 754.dat
1 16 14.087740 -22.708640 -1.392510 -0.017164 0.396650 -0.917809 0.000000 0.917945 0.396709 0.999853 0.006809 -0.015756 754.dat
1 16 15.335510 -19.974810 -1.368080 -0.022184 0.436709 -0.899329 0.000000 0.899550 0.436817 0.999754 0.009690 -0.019955 754.dat
1 16 16.696860 -17.295660 -1.335340 -0.026234 0.473401 -0.880456 0.000000 0.880760 0.473564 0.999656 0.012423 -0.023105 754.dat
1 16 18.162620 -14.672170 -1.294750 -0.029542 0.507181 -0.861333 0.000000 0.861709 0.507403 0.999563 0.014990 -0.025457 754.dat
1 16 19.724930 -12.105010 -1.246810 -0.032244 0.538522 -0.841994 0.000000 0.842432 0.538802 0.999480 0.017373 -0.027163 754.dat
1 16 21.377280 -9.594890 -1.192060 -0.034417 0.567895 -0.822381 0.000000 0.822869 0.568232 0.999408 0.019557 -0.028320 754.dat
1 16 23.114480 -7.142780 -1.131090 -0.036106 0.595756 -0.802353 0.000000 0.802877 0.596145 0.999348 0.021525 -0.028989 754.dat
1 16 24.932600 -4.750130 -1.064560 -0.037337 0.622545 -0.781693 0.000000 0.782239 0.622979 0.999302 0.023260 -0.029206 754.dat
1 16 26.828970 -2.419070 -0.993140 -0.038121 0.648664 -0.760119 0.000000 0.760672 0.649136 0.999273 0.024746 -0.028998 754.dat
1 16 28.801980 -0.152600 -0.917580 -0.038464 0.674486 -0.737284 0.000000 0.737831 0.674986 0.999260 0.025963 -0.028380 754.dat
1 16 30.851050 2.045260 -0.838670 -0.038368 0.700329 -0.712789 0.000000 0.713314 0.700845 0.999264 0.026890 -0.027368 754.dat
1 16 32.976470 4.169300 -0.757270 -0.037835 0.726448 -0.686179 0.000000 0.686671 0.726968 0.999284 0.027505 -0.025980 754.dat
1 16 35.179200 6.213010 -0.674300 -0.036869 0.753028 -0.656955 0.000000 0.657402 0.753540 0.999320 0.027782 -0.024238 754.dat
1 16 37.460630 8.168420 -0.590740 -0.035477 0.780164 -0.624568 0.000000 0.624962 0.780655 0.999370 0.027696 -0.022172 754.dat
1 16 39.822390 10.025980 -0.507690 -0.033670 0.807841 -0.588439 0.000000 0.588772 0.808299 0.999433 0.027215 -0.019824 754.dat
1 16 42.265970 11.774520 -0.426280 -0.031459 0.835911 -0.547963 0.000000 0.548234 0.836325 0.999505 0.026310 -0.017247 754.dat
1 16 44.792360 13.401110 -0.347770 -0.028859 0.864082 -0.502522 0.000000 0.502732 0.864443 0.999583 0.024947 -0.014508 754.dat
1 16 47.401670 14.891120 -0.273490 -0.025884 0.891882 -0.451527 0.000000 0.451679 0.892181 0.999665 0.023094 -0.011691 754.dat
1 16 50.092540 16.228270 -0.204890 -0.022548 0.918653 -0.394422 0.000000 0.394522 0.918886 0.999746 0.020720 -0.008896 754.dat
1 16 52.861700 17.394730 -0.143460 -0.018860 0.943528 -0.330756 0.000000 0.330815 0.943695 0.999822 0.017798 -0.006239 754.dat
1 16 55.703340 18.371450 -0.090800 -0.014821 0.965438 -0.260212 0.000000 0.260241 0.965544 0.999890 0.014311 -0.003857 754.dat
1 16 58.608580 19.138530 -0.048560 -0.010423 0.983119 -0.182668 0.000000 0.182678 0.983173 0.999945 0.010248 -0.001904 754.dat
1 16 61.564920 19.675810 -0.018390 -0.005596 0.995222 -0.097476 0.000000 0.097478 0.995238 0.999984 0.005570 -0.000546 754.dat
1 16 64.555760 19.963620 -0.001940 -0.004848 0.996601 -0.082241 0.000000 0.082242 0.996612 0.999988 0.004832 -0.000399 754.dat
0 NOFILE
