0 Untitled Model
0 Name:  TunnelScout
0 Author:  Simon Eriksson
0 CustomBrick
0 FlexibleBrickControlPointUnitLength -1
0 FlexibleBrickLockedControlPoint 
1 8 0.000000 -8.000000 0.000000 1.000000 0.000000 0.000000 0.000000 1.000000 0.000000 0.000000 0.000000 1.000000 30303.dat
1 0 0.000000 -16.000000 -70.000000 1.000000 0.000000 0.000000 0.000000 1.000000 0.000000 0.000000 0.000000 1.000000 2419.dat
1 8 0.000000 -24.000000 -60.000000 0.000000 0.000000 1.000000 0.000000 1.000000 0.000000 -1.000000 0.000000 0.000000 3020.dat
1 7 -10.000000 -32.000000 -70.000000 0.000000 0.000000 0.999999 0.000000 1.000000 0.000001 -1.000000 0.000000 0.000000 6019.dat
1 8 -30.000000 -29.999900 -75.759800 0.258818 0.000000 0.965928 0.965921 0.000000 -0.258817 0.000000 0.999999 0.000000 30194.dat
1 14 0.000000 -64.000000 30.000000 -1.000000 0.000000 0.000000 0.000000 1.000000 0.000000 0.000000 0.000000 -1.000000 3937.dat
1 7 9.999900 -32.000000 -70.000000 0.000000 0.000000 -0.999999 0.000000 1.000000 -0.000001 1.000000 0.000000 0.000000 6019.dat
1 8 0.000000 -64.000000 10.000000 1.000000 0.000000 0.000000 0.000000 1.000000 0.000000 0.000000 0.000000 1.000000 3039p04.dat
1 8 29.999900 -30.000000 -75.290000 0.258821 0.000000 -0.965924 -0.965926 0.000000 -0.258821 0.000000 1.000000 0.000000 30194.dat
1 7 0.000000 -48.000000 -90.000100 0.999999 0.000000 0.000000 0.000001 1.000000 0.000000 0.000000 0.000000 1.000000 3937.dat
1 0 0.000000 -40.000000 -70.000000 0.999999 0.000000 0.000000 0.000001 1.000000 0.000000 0.000000 0.000000 1.000000 3829c01.dat
1 3 0.000000 -63.009000 48.515900 1.000000 0.000000 0.000000 0.000000 0.819153 0.573575 0.000000 -0.573575 0.819153 2460.dat
1 6 0.000000 -71.200500 54.251600 -1.000000 0.000000 0.000000 0.000000 0.573575 0.819153 0.000000 0.819153 -0.573575 15790.dat
1 0 0.000000 -40.000000 30.000000 1.000000 0.000000 0.000000 0.000000 1.000000 0.000000 0.000000 0.000000 1.000000 3004.dat
1 0 -50.000000 -16.000000 0.000000 0.000000 0.000000 -1.000000 0.000000 1.000000 0.000000 1.000000 0.000000 0.000000 3475b.dat
1 0 50.000000 -16.000000 0.000000 0.000000 0.000000 1.000000 0.000000 1.000000 0.000000 -1.000000 0.000000 0.000000 3475b.dat
1 0 0.000000 -45.071100 -97.071100 0.999999 0.000000 0.000000 0.000001 0.707107 -0.707104 0.000000 0.707105 0.707108 3938.dat
1 0 0.000000 -62.191500 35.735800 1.000000 0.000000 0.000000 0.000000 0.819153 0.573575 0.000000 -0.573575 0.819153 3938.dat
1 0 0.000000 -43.656900 -109.799000 1.000000 0.000000 -0.000001 0.000000 0.707108 -0.707106 0.000000 0.707106 0.707108 3068px1.dat
1 3 -10.000100 -40.000000 0.000000 0.000000 0.000000 1.000000 0.000000 1.000000 0.000000 -1.000000 0.000000 0.000000 3298px1.dat
1 3 10.000000 -40.000000 0.000000 0.000000 0.000000 -1.000002 0.000000 1.000000 0.000000 1.000002 0.000000 0.000000 3298px1.dat
