0 FILE UpgradeStation.io
0 Untitled Model
0 Name:  UpgradeStation
0 Author:  Simon Eriksson
0 CustomBrick
0 FlexibleBrickControlPointUnitLength -1
0 FlexibleBrickLockedControlPoint 
0 NumOfBricks:  67
1 8 0.000000 -24.000000 0.000000 1.000000 0.000000 0.000000 0.000000 1.000000 0.000000 0.000000 0.000000 1.000000 4201.dat
1 7 -40.000000 -167.812500 0.000000 0.000000 0.000000 1.000000 0.000000 1.000000 0.000000 -1.000000 0.000000 0.000000 2456.dat
1 7 40.000000 -167.812500 0.000000 0.000000 0.000000 1.000000 0.000000 1.000000 0.000000 -1.000000 0.000000 0.000000 2456.dat
1 14 0.000000 -175.812500 50.000000 -1.000000 0.000000 0.000000 0.000000 1.000000 0.000000 0.000000 0.000000 -1.000000 2431p52.dat
1 14 0.000000 -175.812500 -50.000000 -1.000000 0.000000 0.000000 0.000000 1.000000 0.000000 0.000000 0.000000 -1.000000 2431p52.dat
1 8 0.000000 -263.812500 -20.000000 -1.000000 0.000000 0.000000 0.000000 1.000000 0.000000 0.000000 0.000000 -1.000000 3001.dat
1 8 0.000000 -263.812500 20.000000 -1.000000 0.000000 0.000000 0.000000 1.000000 0.000000 0.000000 0.000000 -1.000000 3001.dat
1 0 0.000000 -287.812500 0.000000 0.000000 0.000000 1.000000 0.000000 1.000000 0.000000 -1.000000 0.000000 0.000000 3403c01.dat
0 STEP
1 38 50.000000 -175.812500 50.000000 1.000000 0.000000 0.000000 0.000000 1.000000 0.000000 0.000000 0.000000 1.000000 6141.dat
1 38 50.000000 -175.812500 -50.000000 1.000000 0.000000 0.000000 0.000000 1.000000 0.000000 0.000000 0.000000 1.000000 6141.dat
1 38 -50.000000 -175.812500 -50.000000 1.000000 0.000000 0.000000 0.000000 1.000000 0.000000 0.000000 0.000000 1.000000 6141.dat
1 38 -50.000000 -175.812500 50.000000 1.000000 0.000000 0.000000 0.000000 1.000000 0.000000 0.000000 0.000000 1.000000 6141.dat
1 0 0.000000 -295.812500 -0.000100 1.000002 0.000000 0.000000 0.000000 1.000000 0.000000 0.000000 0.000000 1.000000 6104.dat
1 8 0.000000 -319.812600 -80.000100 0.000000 0.000000 -1.000002 0.000000 1.000000 0.000000 1.000000 0.000000 0.000000 3001.dat
1 7 0.000000 -319.812500 -30.000100 -1.000002 0.000000 0.000000 0.000000 1.000000 0.000000 0.000000 0.000000 -1.000000 3039.dat
1 7 50.000100 -319.812600 40.000000 0.000000 0.000000 1.000002 0.000000 1.000000 0.000000 -1.000000 0.000000 0.000000 3701.dat
1 7 -50.000100 -319.812600 39.999900 0.000000 0.000000 1.000002 0.000000 1.000000 0.000000 -1.000000 0.000000 0.000000 3701.dat
1 7 29.280000 -319.812600 59.999950 0.000000 0.000000 1.000001 1.000000 -0.000001 0.000000 0.000001 1.000000 0.000000 2854.dat
1 0 -0.720000 -329.812700 59.999860 1.000001 0.000000 0.000000 0.000000 0.000001 1.000000 0.000000 -1.000000 0.000001 4519.dat
1 0 -60.850110 -309.812600 60.000040 1.000002 0.000000 0.000000 0.000000 -1.000000 0.000001 0.000000 -0.000001 -1.000000 4519.dat
1 0 58.890100 -309.812600 59.999900 1.000002 0.000000 0.000000 0.000000 -1.000000 0.000001 0.000000 -0.000001 -1.000000 4519.dat
1 7 -30.290000 -319.812800 59.999830 0.000000 0.000000 -1.000001 1.000000 0.000001 0.000000 0.000001 -1.000000 0.000000 2854.dat
1 42 100.390100 -309.812600 59.999900 0.000000 -1.000002 0.000000 0.000001 0.000000 1.000000 -1.000000 0.000000 0.000001 4589.dat
1 42 -102.690200 -309.812600 60.000040 0.000000 1.000002 0.000000 -0.000001 0.000000 1.000000 1.000000 0.000000 0.000001 4589.dat
1 8 0.000000 -343.812700 -69.000000 1.000001 0.000000 0.000000 0.000000 1.000000 0.000000 0.000000 0.000000 1.000000 2399.dat
1 0 0.000000 -327.812500 -40.000100 -1.000002 0.000000 0.000000 0.000000 1.000000 0.000000 0.000000 0.000000 -1.000000 4079.dat
1 42 30.000000 -367.812700 -69.000100 0.000000 0.000000 1.000002 0.000000 1.000000 0.000000 -1.000000 0.000000 0.000000 4589.dat
1 42 -30.000100 -367.812700 -69.000100 0.000000 0.000000 1.000002 0.000000 1.000000 0.000000 -1.000000 0.000000 0.000000 4589.dat
1 0 0.000000 -458.361200 201.361000 -1.000000 0.000000 0.000000 0.000000 0.819152 0.573578 0.000000 0.573577 -0.819153 2351.dat
1 8 0.000100 -422.304800 128.945800 -1.000000 0.000000 0.000000 0.000000 0.819152 0.573578 0.000000 0.573577 -0.819153 2350c.dat
1 7 40.000000 -544.397800 324.233800 0.000000 -1.000000 0.000000 0.819152 0.000000 -0.573578 0.573577 0.000000 0.819153 2432.dat
1 7 -39.999900 -544.397800 324.233700 0.000000 1.000000 0.000000 -0.819152 0.000000 -0.573578 -0.573577 0.000000 0.819153 2432.dat
1 8 0.000000 -445.812800 350.000500 1.000000 0.000000 0.000000 0.000000 1.000000 -0.000001 0.000000 -0.000001 1.000001 2460.dat
1 0 -10.000000 -455.812800 350.000700 0.000000 1.000000 0.000000 0.000001 0.000000 -1.000000 -1.000001 0.000000 0.000000 6541.dat
1 6 -18.000000 -456.812800 350.000100 0.000000 1.000000 0.000000 0.000001 0.000000 -1.000000 -1.000001 0.000000 0.000001 30104.dat copy 28
1 3 0.000000 -295.812500 30.000000 1.000000 0.000000 0.000000 0.000000 1.000000 0.000000 0.000000 0.000000 1.000000 3023.dat
1 8 50.000000 -351.812500 29.999900 0.000000 0.000000 1.000000 0.000000 1.000000 0.000000 -1.000000 0.000000 0.000000 3623.dat
1 8 30.000010 -351.812500 9.999900 0.000000 0.000000 1.000000 0.000000 1.000000 0.000000 -1.000000 0.000000 0.000000 3623.dat
1 8 -29.999900 -351.812400 10.000010 0.000000 0.000000 1.000000 0.000000 1.000000 0.000000 -1.000000 0.000000 0.000000 3623.dat
1 8 -49.999900 -351.812400 30.000010 0.000000 0.000000 1.000000 0.000000 1.000000 0.000000 -1.000000 0.000000 0.000000 3623.dat
1 8 40.000010 -359.812500 9.999909 -1.000000 0.000000 0.000000 0.000000 1.000000 0.000000 0.000000 0.000000 -1.000000 3069bpc1.dat
1 8 -39.999900 -359.812400 10.000010 1.000000 0.000000 0.000000 0.000000 1.000000 0.000000 0.000000 0.000000 1.000000 3069bpc1.dat
1 14 30.000010 -359.812500 -10.000100 0.707106 0.000000 0.707107 0.000000 1.000000 0.000000 -0.707107 0.000000 0.707106 4592.dat
1 14 -29.999890 -359.812400 -9.999990 0.707109 0.000000 -0.707106 0.000000 1.000000 0.000000 0.707106 0.000000 0.707109 4592.dat
1 0 -29.999890 -359.812400 -9.999990 0.707108 -0.353552 -0.612372 0.000000 0.866026 -0.499999 0.707105 0.353553 0.612374 4593.dat
1 0 30.000010 -359.812500 -10.000100 0.707105 0.353553 0.612375 0.000000 0.866027 -0.499998 -0.707108 0.353551 0.612372 4593.dat
1 7 -30.000040 -319.812700 -19.000000 0.000000 0.000000 1.000000 0.000000 1.000000 0.000000 -1.000000 0.000000 0.000000 3009.dat
1 7 30.000020 -319.812700 -19.000000 0.000000 0.000000 1.000000 0.000000 1.000000 0.000000 -1.000000 0.000000 0.000000 3009.dat
1 3 30.000000 -239.812500 -20.000000 0.000000 0.000000 -1.000000 0.000000 1.000000 0.000000 1.000000 0.000000 0.000000 3684.dat
1 14 -39.999900 -359.812400 30.000010 -1.000000 0.000000 0.000000 0.000000 1.000000 0.000000 0.000000 0.000000 -1.000000 2412b.dat
1 14 40.000000 -359.812500 29.999900 -1.000000 0.000000 0.000000 0.000000 1.000000 0.000000 0.000000 0.000000 -1.000000 2412b.dat
1 3 30.000000 -239.812500 20.000000 0.000000 0.000000 -1.000000 0.000000 1.000000 0.000000 1.000000 0.000000 0.000000 3684.dat
1 3 -30.000060 -239.812500 20.000010 0.000000 0.000000 1.000000 0.000000 1.000000 0.000000 -1.000000 0.000000 0.000000 3684.dat
1 3 -30.000010 -239.812500 -20.000000 0.000000 0.000000 1.000000 0.000000 1.000000 0.000000 -1.000000 0.000000 0.000000 3684.dat
1 14 -49.999900 -343.812400 50.000020 -1.000000 0.000000 0.000000 0.000000 1.000000 0.000000 0.000000 0.000000 -1.000000 3040b.dat
1 14 50.000100 -343.812600 50.000000 -1.000000 0.000000 0.000000 0.000000 1.000000 0.000000 0.000000 0.000000 -1.000000 3040b.dat
1 7 40.000000 -343.812500 19.999900 -1.000000 0.000000 0.000000 0.000000 1.000000 0.000000 0.000000 0.000000 -1.000000 6232.dat
1 7 -39.999900 -343.812400 20.000010 1.000000 0.000000 0.000000 0.000000 1.000000 0.000000 0.000000 0.000000 1.000000 6232.dat
1 38 50.000000 -359.812500 49.999900 1.000000 0.000000 0.000000 0.000000 1.000000 0.000000 0.000000 0.000000 1.000000 6141.dat
1 38 -49.999900 -359.812400 50.000020 1.000000 0.000000 0.000000 0.000000 1.000000 0.000000 0.000000 0.000000 1.000000 6141.dat
1 14 -29.999900 -343.812400 -9.999990 1.000000 0.000000 0.000000 0.000000 1.000000 0.000000 0.000000 0.000000 1.000000 3040b.dat
1 14 30.000010 -343.812500 -10.000100 1.000000 0.000000 0.000000 0.000000 1.000000 0.000000 0.000000 0.000000 1.000000 3040b.dat
1 14 0.000020 -295.812600 -100.000100 -1.000000 0.000000 0.000000 0.000000 1.000000 0.000000 0.000000 0.000000 -1.000000 4859.dat
1 0 -40.000000 -143.812500 40.000000 1.000000 0.000000 0.000000 0.000000 1.000000 0.000000 0.000000 0.000000 1.000000 2680b.dat
1 0 40.000000 -143.812500 40.000000 1.000000 0.000000 0.000000 0.000000 1.000000 0.000000 0.000000 0.000000 1.000000 2680b.dat
1 0 -40.000000 -143.812500 -40.000000 1.000000 0.000000 0.000000 0.000000 1.000000 0.000000 0.000000 0.000000 1.000000 2680b.dat
1 0 40.000000 -143.812500 -40.000000 1.000000 0.000000 0.000000 0.000000 1.000000 0.000000 0.000000 0.000000 1.000000 2680b.dat
0 STEP
0 NOFILE
0 FILE 30104.dat Copy 28
0 Chain, 21 Links
0 Name:  30104
0 Author:  Matt Schild [mschild]
0 FlexibleBrick:  30104.dat
0 FlexibleBrickControlPointUnitLength -1
0 FlexibleBrickLockedControlPoint 
1 6 0.000000 32.000000 0.000000 0.999999 0.000000 0.000000 0.000000 1.000000 -0.000001 0.000000 0.000001 1.000000 208.dat
1 6 -0.555440 35.219620 29.684540 -0.003597 -0.040396 -0.999177 -0.996058 0.088701 0.000000 0.088628 0.995239 -0.040555 209.dat
1 6 -1.110830 36.430540 43.369860 -0.999177 -0.040392 0.003571 0.000000 0.088067 0.996114 -0.040550 0.995295 -0.087994 209.dat
1 6 -1.660110 37.628320 57.056570 -0.003493 -0.039947 -0.999196 -0.996199 0.087111 0.000000 0.087041 0.995397 -0.040100 209.dat
1 6 -2.113340 38.839520 70.745620 -0.999452 -0.032963 0.002915 0.000000 0.088088 0.996113 -0.033091 0.995567 -0.088039 209.dat
1 6 -0.996340 40.491510 84.350230 0.009831 0.081237 -0.996646 -0.992756 0.120145 0.000000 0.119742 0.989427 0.081829 209.dat
1 6 10.981110 43.726680 90.277900 -0.443553 0.871087 -0.210873 0.000000 0.235285 0.971926 0.896248 0.431101 -0.104361 209.dat
1 6 24.496400 41.210660 90.541140 -0.182948 0.982930 -0.019474 -0.983116 -0.182983 0.000000 -0.003563 0.019146 0.999810 209.dat
1 6 37.696580 37.379680 90.165320 0.028459 0.960013 0.278504 0.000000 -0.278616 0.960402 0.999595 -0.027332 -0.007929 209.dat
1 6 51.237690 35.067500 89.569950 -0.167996 0.984808 0.043925 -0.985760 -0.168159 0.000000 0.007386 -0.043300 0.999035 209.dat
1 6 59.394640 24.053990 90.678580 -0.134675 0.593233 0.793686 0.000000 -0.800983 0.598687 0.990890 0.080628 0.107872 209.dat
1 6 58.373180 10.350130 91.151290 0.904491 -0.074288 -0.419974 -0.081857 -0.996644 0.000000 -0.418565 0.034378 -0.907536 209.dat
1 6 48.197620 1.334720 93.211130 -0.198407 -0.740040 -0.642631 0.000000 -0.655666 0.755051 -0.980120 0.149808 0.130089 209.dat
1 6 36.894770 -5.887550 90.186770 0.507406 -0.822026 0.258482 -0.850944 -0.525256 0.000000 0.135769 -0.219953 -0.966016 209.dat
1 6 23.226520 -6.242800 88.732390 0.105808 -0.994054 -0.025691 0.000000 -0.025836 0.999666 -0.994386 -0.105773 -0.002733 209.dat
1 6 9.584350 -6.192430 87.014460 -0.003634 -0.992157 0.124942 -0.999993 0.003663 0.000000 -0.000458 -0.124941 -0.992164 209.dat
1 6 -3.776260 -7.275890 83.951350 0.223465 -0.971681 -0.076804 0.000000 -0.078797 0.996891 -0.974712 -0.222770 -0.017608 209.dat
1 6 -2.330940 -4.755280 70.511880 0.019601 0.105114 0.994267 -0.983054 0.183317 0.000000 -0.182266 -0.977418 0.106926 209.dat
1 6 -1.278470 -2.697260 56.957580 0.996999 0.076544 -0.011587 0.000000 0.149674 0.988735 0.077416 -0.985768 0.149225 209.dat
1 6 -0.636900 -0.986450 43.329540 0.005851 0.046660 0.998894 -0.992229 0.124423 0.000000 -0.124286 -0.991132 0.047025 209.dat
1 6 -0.259190 0.542080 29.670010 0.999618 0.027470 -0.003073 0.000000 0.111166 0.993802 0.027641 -0.993422 0.111124 209.dat
1 6 0.000000 2.000000 16.000000 0.002010 0.018850 0.999820 -0.994363 0.106031 0.000000 -0.106011 -0.994184 0.018958 209.dat
1 6 0.000000 0.000000 0.000000 1.000000 0.000000 0.000000 0.000000 1.000000 0.000000 0.000000 0.000000 1.000000 208.dat
0 NOFILE
